164.392	120.87	27	24	
164.782	120.428	27	24	
165.2	120.57	27	24	
165.445	120.369	27	24	
165.903	120.35	27	24	
165.992	120.069	27	24	
166.714	120.454	26.4706	23.5294	
166.716	120.39	27	24	
167.423	120.819	26.4706	23.5294	
167.423	120.819	26.4706	23.5294	
167.24	120.692	27	24	
167.584	121.422	27	24	
167.96	121.264	27	24	
168.115	121.578	27	24	
168.269	121.007	27	24	
168.502	120.802	27	24	
168.973	120.732	27	24	
169.135	120.797	27	24	
169.507	120.51	27	24	
170.021	120.691	26.4706	23.5294	
170.387	121.489	26.4706	23.5294	
170.538	121.274	27	24	
170.682	121.22	27	24	
170.862	121.339	27	24	
171.26	121.717	26.4706	23.5294	
171.056	121.329	27	24	
171.121	120.616	27	24	
171.357	119.835	26.4706	23.5294	
171.098	118.605	27	24	
171.233	118.982	27	24	
171.019	120.018	27	24	
170.736	120.197	27	24	
170.641	121.591	27	24	
170.517	121.568	27	24	
170.299	121.532	27	24	
170.008	121.946	27	24	
169.802	120.892	27	24	
170.026	120.987	26.4706	23.5294	
169.686	120.148	27	24	
169.491	120.233	27	24	
169.508	120.526	27	24	
169.372	120.915	27	24	
169.351	122.344	27	24	
169.221	123.151	27	24	
169.097	123.965	27	24	
169.011	124.847	27	24	
168.947	124.4	27	24	
168.803	124.445	27	24	
168.727	123.985	27	24	
168.672	123.577	27	24	
168.6	123.524	27	24	
168.58	123.339	27	24	
168.717	122.899	27	24	
168.696	122.689	27	24	
168.555	122.811	27	24	
168.554	122.665	27	24	
168.738	122.798	27	24	
168.725	123.528	27	24	
168.703	123.711	27	24	
168.703	123.711	27	24	
168.707	123.494	27	24	
168.682	124.489	27	24	
168.737	123.337	27	24	
168.655	122.678	27	24	
168.754	122.995	27	24	
168.702	122.304	27	24	
168.793	121.966	27	24	
168.521	121.362	27	24	
168.655	121.933	27	24	
168.743	121.841	27	24	
168.572	121.899	27	24	
168.614	122.898	27	24	
168.699	123.437	27	24	
168.871	123.112	27	24	
168.807	122.857	27	24	
168.933	122.434	27	24	
169.006	122.965	27	24	
169.136	122.76	27	24	
169.165	122.373	27	24	
169.314	121.976	27	24	
169.57	122.236	27	24	
169.878	122.717	27	24	
169.874	122.489	27	24	
170.139	121.969	27	24	
170.215	121.949	27	24	
170.363	122.451	27	24	
170.565	122.893	27	24	
170.666	122.877	27	24	
170.783	122.926	27	24	
170.99	123.317	27	24	
171.178	123.065	27	24	
171.284	122.012	27	24	
171.487	121.857	27	24	
171.651	122.372	27	24	
172.025	122.542	27	24	
172.091	122.899	27	24	
172.185	122.659	27	24	
172.331	123.04	27	24	
172.518	123.528	27	24	
172.649	123.037	27	24	
173.013	123.091	27	24	
173.121	123.229	27	24	
173.433	123.396	27	24	
173.54	122.972	27	24	
173.844	123.639	27	24	
174.261	123.71	27	24	
174.331	123.331	27	24	
174.747	122.64	27	24	
175.002	122.122	27	24	
175.002	122.122	27	24	
175.249	122.745	27	24	
175.506	122.809	27	24	
175.82	122.613	27.54	24.48	
175.911	122.85	27	24	
175.917	123.082	27	24	
176.066	123.394	27	24	
175.947	123.9	27	24	
175.877	123.827	27	24	
175.927	123.839	27	24	
176.059	123.307	27	24	
175.591	122.519	28.0908	24.9696	
175.656	122.316	27	24	
175.577	122.431	27	24	
175.753	123.458	27	24	
175.515	123.147	27	24	
175.376	122.915	27	24	
175.253	123.625	27	24	
175.224	124.566	27	24	
175.138	124.835	27	24	
174.796	125.133	27	24	
174.867	124.974	27	24	
174.797	125.395	27	24	
174.934	124.538	27.54	24.48	
174.465	123.341	28.0908	24.9696	
173.856	122.454	28.6526	25.469	
173.897	122.323	28.6526	25.469	
173.859	122.385	28.6526	25.469	
173.747	121.797	28.6526	25.469	
173.673	121.816	28.6526	25.469	
173.581	121.947	28.6526	25.469	
173.396	122.402	28.6526	25.469	
173.224	121.859	28.6526	25.469	
173.392	120.944	29.2257	25.9784	
173.232	120.472	28.6526	25.469	
172.882	120.139	28.6526	25.469	
172.996	119.836	28.6526	25.469	
172.706	119.952	28.6526	25.469	
172.771	119.91	28.6526	25.469	
173.635	120.94	27.54	24.48	
172.711	120.427	28.6526	25.469	
172.475	120.238	28.6526	25.469	
172.605	120.389	28.6526	25.469	
172.36	120.856	28.6526	25.469	
172.412	121.022	28.6526	25.469	
172.422	121.136	28.6526	25.469	
172.384	122.638	28.6526	25.469	
172.342	123.051	28.6526	25.469	
172.219	123.391	28.6526	25.469	
172.34	122.674	28.6526	25.469	
172.329	122.631	28.6526	25.469	
172.307	122.096	28.6526	25.469	
172.452	121.877	28.6526	25.469	
173.435	122.828	27.54	24.48	
173.164	122.465	28.0908	24.9696	
173.089	123.109	27	24	
173.111	123.51	27.54	24.48	
172.096	122.745	28.6526	25.469	
171.82	123.608	28.6526	25.469	
171.806	124.03	28.6526	25.469	
171.755	123.51	28.6526	25.469	
171.573	123.638	28.6526	25.469	
171.159	122.812	28.6526	25.469	
171.391	122.32	28.6526	25.469	
171.098	122.946	28.6526	25.469	
171.029	122.538	28.6526	25.469	
171.337	121.596	29.2257	25.9784	
171.225	120.992	29.2257	25.9784	
170.973	120.629	28.6526	25.469	
171.062	120.977	29.2257	25.9784	
170.948	120.148	28.6526	25.469	
170.962	119.745	29.2257	25.9784	
170.761	119.268	29.2257	25.9784	
170.768	119.246	29.2257	25.9784	
170.553	119.075	29.2257	25.9784	
170.388	119.095	29.2257	25.9784	
169.93	119.452	28.6526	25.469	
169.829	119.279	28.6526	25.469	
169.621	119.273	29.2257	25.9784	
169.488	118.577	29.2257	25.9784	
169.351	118.675	29.2257	25.9784	
168.971	118.219	29.2257	25.9784	
168.932	118.131	29.2257	25.9784	
168.637	116.647	29.2257	25.9784	
168.521	116.276	29.2257	25.9784	
168.178	116.815	29.2257	25.9784	
167.749	116.927	29.2257	25.9784	
167.673	117.052	29.2257	25.9784	
167.375	116.549	29.2257	25.9784	
166.984	116.566	29.2257	25.9784	
166.878	116.045	29.2257	25.9784	
166.582	114.229	29.2257	25.9784	
166.332	114.114	29.2257	25.9784	
166.179	113.953	29.2257	25.9784	
166.063	113.978	29.2257	25.9784	
165.71	113.912	29.2257	25.9784	
165.718	114.113	29.2257	25.9784	
165.543	114.472	29.2257	25.9784	
165.399	114.961	29.2257	25.9784	
165.061	115.798	29.2257	25.9784	
165	115.774	29.2257	25.9784	
164.812	116.439	29.2257	25.9784	
164.671	117.151	29.2257	25.9784	
164.193	118.241	28.6526	25.469	
164.3	118.987	29.2257	25.9784	
164.063	120.62	29.2257	25.9784	
163.886	121.389	29.2257	25.9784	
163.864	122.28	29.2257	25.9784	
162.875	121.318	30.4064	27.0279	
163.434	122.278	29.2257	25.9784	
163.012	121.543	29.8102	26.4979	
163.051	121.738	29.2257	25.9784	
162.848	120.842	29.2257	25.9784	
162.549	119.982	29.2257	25.9784	
162.282	120.448	29.2257	25.9784	
162.139	120.233	29.2257	25.9784	
161.662	120.49	29.2257	25.9784	
161.67	119.98	29.2257	25.9784	
161.344	119.321	29.2257	25.9784	
160.229	118.849	30.4064	27.0279	
160.52	118.296	30.4064	27.0279	
160.445	117.235	30.4064	27.0279	
160.523	117.187	30.4064	27.0279	
160.564	116.876	30.4064	27.0279	
160.718	117.038	30.4064	27.0279	
160.596	117.463	30.4064	27.0279	
160.59	117.25	30.4064	27.0279	
160.89	117.197	30.4064	27.0279	
161.232	116.429	31.0145	27.5685	
160.972	115.374	30.4064	27.0279	
160.958	114.707	30.4064	27.0279	
161.225	114.777	30.4064	27.0279	
161.359	115.423	30.4064	27.0279	
161.185	115.388	30.4064	27.0279	
161.329	114.385	30.4064	27.0279	
161.577	114.978	30.4064	27.0279	
161.738	115.281	30.4064	27.0279	
161.778	114.494	30.4064	27.0279	
161.862	112.995	30.4064	27.0279	
162.085	113.064	31.0145	27.5685	
162.271	113.04	30.4064	27.0279	
162.683	112.438	30.4064	27.0279	
162.552	112.131	30.4064	27.0279	
163.178	112.527	31.0145	27.5685	
163.33	112.599	31.0145	27.5685	
163.216	112.547	30.4064	27.0279	
163.445	113.821	30.4064	27.0279	
163.048	113.565	31.6348	28.1198	
163.877	114.543	31.0145	27.5685	
164.222	114.273	31.0145	27.5685	
164.222	114.273	31.0145	27.5685	
164.171	113.012	30.4064	27.0279	
164.461	113.487	30.4064	27.0279	
164.187	113.082	31.6348	28.1198	
165.182	113.773	31.0145	27.5685	
165.276	113.387	31.0145	27.5685	
165.419	113.25	31.0145	27.5685	
165.064	112.914	31.6348	28.1198	
165.262	112.838	31.6348	28.1198	
166.121	113.99	31.0145	27.5685	
165.628	113.208	31.6348	28.1198	
165.97	113.571	31.6348	28.1198	
166.296	112.984	31.6348	28.1198	
167.193	113.841	31.0145	27.5685	
167.405	114.6	31.0145	27.5685	
167.117	114.103	31.6348	28.1198	
167.32	114.172	31.6348	28.1198	
168.421	115.266	31.0145	27.5685	
168.773	115	31.0145	27.5685	
169.098	115.56	31.0145	27.5685	
169.234	115.501	31.0145	27.5685	
169.633	115.362	31.0145	27.5685	
169.757	114.742	31.0145	27.5685	
169.99	114.927	31.0145	27.5685	
170.327	115.516	31.0145	27.5685	
169.925	114.964	31.6348	28.1198	
170.009	115.506	31.6348	28.1198	
170.315	115.391	31.6348	28.1198	
170.894	115.878	31.6348	28.1198	
171.18	114.756	31.6348	28.1198	
171.242	114.356	31.6348	28.1198	
171.625	115.851	31.6348	28.1198	
172.024	115.997	31.6348	28.1198	
172.238	115.821	31.6348	28.1198	
173.186	116.305	31.0145	27.5685	
173.368	116.167	31.0145	27.5685	
172.831	116.205	31.6348	28.1198	
173.257	116.606	31.6348	28.1198	
173.979	116.264	31.0145	27.5685	
174.204	116.164	31.0145	27.5685	
174.283	115.159	31.0145	27.5685	
173.595	114.75	31.6348	28.1198	
173.434	114.954	31.6348	28.1198	
173.645	115.291	31.6348	28.1198	
173.534	116.238	31.6348	28.1198	
173.621	116.107	31.6348	28.1198	
174.175	117.227	31.0145	27.5685	
173.561	116.867	31.6348	28.1198	
173.696	116.922	31.6348	28.1198	
173.777	116.732	31.6348	28.1198	
173.777	116.732	31.6348	28.1198	
173.646	115.866	31.6348	28.1198	
173.728	116.091	31.6348	28.1198	
173.672	116.58	31.6348	28.1198	
173.813	117.221	31.6348	28.1198	
173.713	117.552	31.6348	28.1198	
173.611	117.703	31.6348	28.1198	
173.763	118.002	31.6348	28.1198	
173.681	118.332	31.6348	28.1198	
173.645	118.112	31.6348	28.1198	
173.591	118.607	31.6348	28.1198	
173.581	118.195	31.6348	28.1198	
173.603	118.09	31.6348	28.1198	
173.603	117.734	31.6348	28.1198	
173.298	117.102	31.6348	28.1198	
173.536	118.374	31.6348	28.1198	
173.536	118.196	31.6348	28.1198	
173.989	118.184	31.0145	27.5685	
174.029	117.425	31.0145	27.5685	
173.795	117.115	31.0145	27.5685	
173.89	117.86	31.0145	27.5685	
173.243	116.783	32.2675	28.6822	
173.625	116.881	31.0145	27.5685	
173.414	117.249	31.0145	27.5685	
172.731	116.767	31.6348	28.1198	
172.458	117.21	31.6348	28.1198	
172.914	118.186	31.0145	27.5685	
171.842	117.698	32.2675	28.6822	
171.716	118.237	31.6348	28.1198	
172.074	119.36	31.0145	27.5685	
171.542	119.108	31.0145	27.5685	
170.663	117.954	32.2675	28.6822	
170.939	119.411	31.0145	27.5685	
170.644	119.172	31.0145	27.5685	
169.491	118.1	32.2675	28.6822	
168.984	117.828	32.2675	28.6822	
169.279	118.142	31.0145	27.5685	
168.185	117.987	31.6348	28.1198	
168.466	119.287	31.0145	27.5685	
167.212	118.82	31.6348	28.1198	
167.207	119.347	31.0145	27.5685	
166.159	118.794	32.2675	28.6822	
165.305	118.316	32.2675	28.6822	
164.689	118.231	32.2675	28.6822	
164.336	118.15	31.6348	28.1198	
163.953	118.05	31.6348	28.1198	
163.687	117.698	31.6348	28.1198	
163.441	117.397	31.6348	28.1198	
163.31	118.344	31.6348	28.1198	
163.189	118.581	31.6348	28.1198	
163.189	118.581	31.6348	28.1198	
163.01	117.944	32.2675	28.6822	
162.757	117.863	32.2675	28.6822	
162.701	117.573	32.2675	28.6822	
162.718	118.232	31.6348	28.1198	
162.224	117.284	32.9128	29.2559	
162.726	117.207	31.6348	28.1198	
162.811	117.002	31.6348	28.1198	
162.415	116.712	32.9128	29.2559	
163.11	117.314	31.6348	28.1198	
163.226	117.301	31.6348	28.1198	
163.352	117.197	31.6348	28.1198	
163.725	117.06	31.6348	28.1198	
163.787	117.243	31.6348	28.1198	
163.694	116.548	32.2675	28.6822	
163.86	115.918	31.6348	28.1198	
164.011	117.351	31.6348	28.1198	
163.899	117.297	31.6348	28.1198	
164.068	116.906	31.6348	28.1198	
163.393	115.819	32.9128	29.2559	
163.414	115.569	32.9128	29.2559	
164.089	116.875	31.6348	28.1198	
164.257	116.901	31.6348	28.1198	
164.426	116.92	32.2675	28.6822	
163.78	116.36	32.9128	29.2559	
163.954	116.622	32.9128	29.2559	
164.217	117.424	32.9128	29.2559	
164.199	117.39	32.9128	29.2559	
164.196	117.442	32.9128	29.2559	
164.861	117.457	31.6348	28.1198	
164.519	116.227	32.9128	29.2559	
164.599	115.571	32.9128	29.2559	
164.688	115.817	32.9128	29.2559	
164.873	116.848	32.9128	29.2559	
165.655	117.867	31.6348	28.1198	
165.149	117.705	32.9128	29.2559	
165.171	117.368	32.9128	29.2559	
165.352	117.573	32.9128	29.2559	
165.289	118.641	32.9128	29.2559	
166.009	119.468	31.6348	28.1198	
165.537	118.289	32.9128	29.2559	
165.423	118.449	32.9128	29.2559	
165.601	119.265	32.9128	29.2559	
166.237	119.541	32.2675	28.6822	
166.122	119.581	32.2675	28.6822	
165.617	118.18	33.5711	29.841	
165.569	118.339	33.5711	29.841	
165.716	117.821	33.5711	29.841	
165.433	117.724	33.5711	29.841	
165.489	119.133	32.9128	29.2559	
165.328	119.159	32.9128	29.2559	
165.447	118.946	32.9128	29.2559	
165.498	119.249	32.9128	29.2559	
165.511	118.46	32.9128	29.2559	
165.567	118.58	32.9128	29.2559	
165.709	118.944	32.9128	29.2559	
165.822	118.644	32.9128	29.2559	
165.921	117.851	33.5711	29.841	
165.18	117.318	34.2425	30.4378	
166.038	117.942	32.9128	29.2559	
166.386	118.156	32.9128	29.2559	
166.457	118.327	32.9128	29.2559	
166.42	118.437	33.5711	29.841	
166.324	118.133	34.2425	30.4378	
166.362	117.97	34.2425	30.4378	
166.875	119.174	33.5711	29.841	
167.018	118.724	33.5711	29.841	
166.42	118.338	34.2425	30.4378	
166.585	117.576	34.2425	30.4378	
166.447	116.782	34.2425	30.4378	
166.29	117.395	34.2425	30.4378	
166.291	118.354	34.2425	30.4378	
166.411	118.738	34.2425	30.4378	
166.182	118.16	34.2425	30.4378	
166.212	117.97	34.2425	30.4378	
166.247	118.411	34.2425	30.4378	
166.001	118.209	34.2425	30.4378	
166.096	118.412	34.2425	30.4378	
166.502	118.938	33.5711	29.841	
166.484	118.849	33.5711	29.841	
165.873	118.686	34.9274	31.0466	
165.821	118.833	34.2425	30.4378	
165.414	119.186	34.2425	30.4378	
165.35	119.261	34.2425	30.4378	
165.311	119.176	34.2425	30.4378	
164.998	118.717	34.9274	31.0466	
164.822	117.971	34.9274	31.0466	
164.608	119.055	34.2425	30.4378	
164.361	119.076	34.2425	30.4378	
163.281	118.474	35.6259	31.6675	
163.719	118.317	34.9274	31.0466	
163.364	118.739	34.9274	31.0466	
162.452	119.771	34.9274	31.0466	
162.068	119.258	34.9274	31.0466	
160.941	118.39	35.6259	31.6675	
160.662	118.221	35.6259	31.6675	
160.494	118.389	35.6259	31.6675	
160.613	119.788	34.9274	31.0466	
159.379	119.144	35.6259	31.6675	
158.961	119.199	35.6259	31.6675	
158.885	119.263	35.6259	31.6675	
158.514	119.045	35.6259	31.6675	
157.819	118.762	35.6259	31.6675	
157.331	118.787	35.6259	31.6675	
156.831	119.398	36.3384	32.3008	
157.16	120.73	34.9274	31.0466	
156.573	120.312	34.9274	31.0466	
155.111	119.58	35.6259	31.6675	
155.42	120.455	34.9274	31.0466	
154.042	119.981	36.3384	32.3008	
153.593	119.273	35.6259	31.6675	
152.832	118.921	36.3384	32.3008	
152.339	118.859	35.6259	31.6675	
151.964	118.639	35.6259	31.6675	
151.229	118.938	36.3384	32.3008	
150.34	119.024	35.6259	31.6675	
150	118.5	36.3384	32.3008	
149.418	117.974	36.3384	32.3008	
148.818	118.256	35.6259	31.6675	
148.312	118.033	36.3384	32.3008	
147.572	118.652	36.3384	32.3008	
147.027	119.24	36.3384	32.3008	
146.439	117.953	35.6259	31.6675	
145.785	117.006	36.3384	32.3008	
145.18	117.531	36.3384	32.3008	
144.838	118.751	35.6259	31.6675	
143.843	118.088	37.0652	32.9469	
143.633	118.425	36.3384	32.3008	
142.619	117.452	37.0652	32.9469	
142.318	117.124	37.0652	32.9469	
141.955	117.353	37.0652	32.9469	
141.38	117.819	37.0652	32.9469	
140.872	117.883	37.0652	32.9469	
140.741	117.699	37.0652	32.9469	
140.403	117.349	37.0652	32.9469	
139.201	116.131	37.8065	33.6058	
139.528	117.682	37.0652	32.9469	
139.307	118.238	37.0652	32.9469	
138.842	118.516	37.0652	32.9469	
138.522	117.031	37.0652	32.9469	
136.827	115.781	38.5626	34.2779	
137.673	116.527	37.0652	32.9469	
136.311	115.86	37.8065	33.6058	
135.284	115.367	38.5626	34.2779	
135.297	116.176	37.8065	33.6058	
135.137	116.156	37.8065	33.6058	
134.664	116.664	37.8065	33.6058	
133.805	116.042	38.5626	34.2779	
134.42	117.746	37.0652	32.9469	
133.98	117.648	37.0652	32.9469	
133.98	117.648	37.0652	32.9469	
133.764	117.077	37.0652	32.9469	
133.335	117.166	37.0652	32.9469	
131.662	116.449	38.5626	34.2779	
131.7	117.316	37.8065	33.6058	
130.904	116.475	39.3339	34.9635	
130.472	115.747	38.5626	34.2779	
130.017	115.489	38.5626	34.2779	
129.598	116.243	38.5626	34.2779	
129.24	116.424	38.5626	34.2779	
128.61	116.213	38.5626	34.2779	
128.077	115.994	38.5626	34.2779	
127.855	115.843	39.3339	34.9635	
127.121	115.784	40.1206	35.6627	
126.816	115.889	40.1206	35.6627	
126.559	116.045	39.3339	34.9635	
125.902	115.543	40.1206	35.6627	
125.559	116.269	39.3339	34.9635	
125.088	115.117	39.3339	34.9635	
124.555	115.831	39.3339	34.9635	
123.901	116.631	39.3339	34.9635	
123.136	116.246	40.1206	35.6627	
122.549	116.058	40.1206	35.6627	
121.935	115.419	40.1206	35.6627	
121.686	115.452	40.1206	35.6627	
121.036	115.218	40.1206	35.6627	
119.811	114.719	40.923	36.376	
120.241	115.199	39.3339	34.9635	
119.547	115.525	39.3339	34.9635	
118.604	114.848	40.1206	35.6627	
118.429	115.167	39.3339	34.9635	
117.469	114.363	40.1206	35.6627	
117.022	114.938	39.3339	34.9635	
116.671	115.006	39.3339	34.9635	
115.897	114.462	40.1206	35.6627	
115.317	113.76	40.1206	35.6627	
114.611	114.231	40.1206	35.6627	
114.163	115.434	40.1206	35.6627	
113.858	115.549	40.1206	35.6627	
113.141	115.787	40.1206	35.6627	
111.625	114.749	40.923	36.376	
112.032	116.073	40.1206	35.6627	
110.803	116.421	40.1206	35.6627	
109.485	115.568	40.923	36.376	
109.006	115.514	40.923	36.376	
108.679	114.814	40.923	36.376	
109.02	115.367	40.1206	35.6627	
107.792	114.324	40.923	36.376	
108.171	114.826	40.1206	35.6627	
107.049	115.209	40.923	36.376	
107.797	116.089	40.1206	35.6627	
106.107	114.606	41.7415	37.1035	
106.801	115.718	40.1206	35.6627	
106.459	115.702	40.1206	35.6627	
106.332	115.703	40.1206	35.6627	
106.064	116.041	40.1206	35.6627	
104.913	114.454	40.923	36.376	
104.773	114.644	40.923	36.376	
104.063	114.892	41.7415	37.1035	
104.327	115.66	40.923	36.376	
104.36	115.37	40.923	36.376	
104.002	115.483	40.923	36.376	
103.797	115.681	40.923	36.376	
103.827	115.55	40.923	36.376	
103.685	114.568	40.923	36.376	
104.298	114.797	40.1206	35.6627	
103.371	113.439	40.923	36.376	
102.589	113.797	41.7415	37.1035	
102.673	114.346	41.7415	37.1035	
102.869	114.529	40.923	36.376	
102.597	115.206	40.923	36.376	
103.176	116.104	40.1206	35.6627	
102.085	116.112	40.923	36.376	
101.603	115.237	41.7415	37.1035	
101.58	114.359	41.7415	37.1035	
101.821	114.703	40.923	36.376	
101.823	114.505	40.923	36.376	
101.283	114.311	41.7415	37.1035	
101.559	114.687	40.923	36.376	
100.832	114.057	41.7415	37.1035	
100.831	113.86	41.7415	37.1035	
100.657	113.999	41.7415	37.1035	
100.532	113.157	41.7415	37.1035	
100.085	113.448	42.5763	37.8456	
100.275	113.304	41.7415	37.1035	
100.183	113.487	41.7415	37.1035	
100.099	112.446	41.7415	37.1035	
99.8363	112.331	41.7415	37.1035	
99.2411	112.4	42.5763	37.8456	
99.2563	113.016	42.5763	37.8456	
99.2704	113.027	42.5763	37.8456	
99.0901	113.71	42.5763	37.8456	
99.2053	113.953	41.7415	37.1035	
99.2416	114.396	41.7415	37.1035	
99.2164	113.315	41.7415	37.1035	
98.8944	113.608	41.7415	37.1035	
98.3789	112.921	42.5763	37.8456	
98.3334	113.258	42.5763	37.8456	
98.248	114.067	42.5763	37.8456	
98.4576	114.107	41.7415	37.1035	
98.4576	114.107	41.7415	37.1035	
98.3165	113.928	41.7415	37.1035	
97.1791	112.896	43.4278	38.6025	
97.457	113.063	42.5763	37.8456	
97.414	112.632	42.5763	37.8456	
97.3703	112.297	42.5763	37.8456	
97.2185	112.318	42.5763	37.8456	
97.7544	113.072	41.7415	37.1035	
97.6544	113.292	41.7415	37.1035	
97.4722	113.668	41.7415	37.1035	
97.3241	113.081	41.7415	37.1035	
96.7521	113.449	42.5763	37.8456	
97.3912	113.107	41.7415	37.1035	
96.7103	112.262	42.5763	37.8456	
96.4863	111.773	42.5763	37.8456	
96.3248	111.759	42.5763	37.8456	
96.4346	112.646	42.5763	37.8456	
96.3037	112.687	42.5763	37.8456	
96.5385	113.23	41.7415	37.1035	
96.4575	113.131	41.7415	37.1035	
96.5425	113.405	41.7415	37.1035	
96.6282	113.113	41.7415	37.1035	
95.5182	112.009	43.4278	38.6025	
95.5335	111.548	43.4278	38.6025	
95.9979	111.855	42.5763	37.8456	
95.9305	111.87	42.5763	37.8456	
96.2348	112.448	41.7415	37.1035	
96.0651	112.364	41.7415	37.1035	
95.4373	112.197	42.5763	37.8456	
95.5238	112.301	42.5763	37.8456	
95.0116	111.993	43.4278	38.6025	
94.9019	111.787	43.4278	38.6025	
94.8845	111.164	43.4278	38.6025	
95.2931	112.405	42.5763	37.8456	
94.7777	111.843	43.4278	38.6025	
95.0649	112.592	42.5763	37.8456	
94.9131	111.685	42.5763	37.8456	
95.2593	112.528	41.7415	37.1035	
94.8656	112.104	42.5763	37.8456	
94.7724	112.022	42.5763	37.8456	
94.6053	112.025	42.5763	37.8456	
94.3961	112.125	42.5763	37.8456	
94.3128	112.451	42.5763	37.8456	
94.3676	112.321	41.7415	37.1035	
94.6652	113.206	40.923	36.376	
94.4021	113.633	41.7415	37.1035	
94.1461	114.076	41.7415	37.1035	
93.8809	113.983	41.7415	37.1035	
93.3223	113.296	42.5763	37.8456	
93.1995	113.793	42.5763	37.8456	
93.1995	113.793	42.5763	37.8456	
93.5479	114.485	41.7415	37.1035	
93.0447	114.445	42.5763	37.8456	
93.2985	114.535	41.7415	37.1035	
93.0213	115.224	41.7415	37.1035	
92.513	114.331	42.5763	37.8456	
92.2608	114.782	42.5763	37.8456	
92.0323	114.284	42.5763	37.8456	
92.1631	115.328	41.7415	37.1035	
92.0445	115.394	41.7415	37.1035	
91.7717	115.768	41.7415	37.1035	
91.551	114.467	41.7415	37.1035	
90.7548	113.521	42.5763	37.8456	
91.1202	114.883	41.7415	37.1035	
90.8401	115.003	41.7415	37.1035	
90.4228	114.998	41.7415	37.1035	
90.2591	115.007	41.7415	37.1035	
90.0246	115.064	41.7415	37.1035	
89.4169	114.509	42.5763	37.8456	
89.7971	115.302	41.7415	37.1035	
89.4472	115.067	41.7415	37.1035	
89.2805	115.824	41.7415	37.1035	
89.5961	116.455	40.923	36.376	
88.6064	115.185	42.5763	37.8456	
88.6441	115.241	41.7415	37.1035	
88.902	116.034	40.923	36.376	
88.5994	116.042	41.7415	37.1035	
88.5445	116.791	41.7415	37.1035	
89.5647	117.975	40.1206	35.6627	
88.3527	116.417	41.7415	37.1035	
88.368	117.613	41.7415	37.1035	
88.1939	117.395	41.7415	37.1035	
89.2074	118.169	40.1206	35.6627	
87.866	115.432	41.7415	37.1035	
87.7066	114.852	41.7415	37.1035	
87.7522	115.349	41.7415	37.1035	
87.5883	116.092	41.7415	37.1035	
87.1973	115.5	42.5763	37.8456	
87.4435	116.249	41.7415	37.1035	
87.465	116.083	41.7415	37.1035	
87.9012	116.508	40.923	36.376	
87.6936	116.522	40.923	36.376	
87.5034	116.806	40.923	36.376	
86.9261	116.083	41.7415	37.1035	
86.8799	114.851	41.7415	37.1035	
86.8241	113.224	41.7415	37.1035	
86.837	113.635	41.7415	37.1035	
87.3172	114.879	40.923	36.376	
86.86	114.556	41.7415	37.1035	
86.8925	114.345	41.7415	37.1035	
86.8957	114.295	41.7415	37.1035	
87.2963	114.516	40.923	36.376	
86.8904	113.427	41.7415	37.1035	
86.9106	113.484	41.7415	37.1035	
87.0708	113.162	41.7415	37.1035	
87.4542	113.603	40.923	36.376	
86.987	113.304	41.7415	37.1035	
87.0815	113.177	41.7415	37.1035	
87.118	113.313	41.7415	37.1035	
87.5535	113.859	40.923	36.376	
87.7852	113.702	40.923	36.376	
87.5237	113.509	41.7415	37.1035	
88.7075	114.937	40.1206	35.6627	
88.88	114.35	40.1206	35.6627	
88.1537	114.074	40.923	36.376	
87.7456	114.154	41.7415	37.1035	
87.8634	113.821	41.7415	37.1035	
88.0048	113.23	41.7415	37.1035	
88.1021	112.752	41.7415	37.1035	
88.6058	112.807	40.923	36.376	
89.7761	115.037	40.1206	35.6627	
89.9724	114.935	40.1206	35.6627	
90.1729	114.655	40.1206	35.6627	
89.4707	113.694	40.923	36.376	
89.5754	113.516	40.923	36.376	
90.0036	113.892	40.923	36.376	
90.9725	115.093	40.1206	35.6627	
90.4174	114.745	40.923	36.376	
90.6993	114.572	40.923	36.376	
91.7614	115.212	40.1206	35.6627	
91.8463	114.143	40.1206	35.6627	
91.9437	114.073	40.1206	35.6627	
91.4522	114.05	40.923	36.376	
91.6579	114.044	40.923	36.376	
92.4814	114.733	40.1206	35.6627	
92.5581	114.67	40.1206	35.6627	
92.0221	113.713	40.923	36.376	
92.2928	115.112	40.923	36.376	
92.9525	115.962	40.1206	35.6627	
93.6965	115.956	39.3339	34.9635	
93.3959	115.238	40.1206	35.6627	
93.7722	114.799	40.1206	35.6627	
93.8302	115.055	40.1206	35.6627	
93.069	114.794	40.923	36.376	
93.3062	114.673	40.923	36.376	
93.3171	114.935	40.923	36.376	
93.5235	113.998	40.923	36.376	
94.1586	114.878	40.1206	35.6627	
94.5964	115.232	40.1206	35.6627	
94.7333	116.012	40.1206	35.6627	
94.7333	116.012	40.1206	35.6627	
94.7943	115.654	40.1206	35.6627	
94.7742	115.218	40.1206	35.6627	
94.4873	113.93	40.923	36.376	
94.648	114.583	40.923	36.376	
95.4287	115.141	40.1206	35.6627	
95.6266	115.169	40.1206	35.6627	
95.6841	115.332	40.1206	35.6627	
96.0873	115.889	39.3339	34.9635	
95.9469	115.796	40.1206	35.6627	
96.1107	115.45	40.1206	35.6627	
96.1291	115.59	40.1206	35.6627	
96.2988	115.734	40.1206	35.6627	
96.4515	116.302	40.1206	35.6627	
97.0096	115.943	39.3339	34.9635	
96.7888	115.123	40.1206	35.6627	
96.1339	114.449	40.923	36.376	
96.4379	115.84	40.923	36.376	
97.19	116.581	40.1206	35.6627	
97.5747	116.869	39.3339	34.9635	
97.4963	115.126	40.1206	35.6627	
97.6644	114.418	40.1206	35.6627	
97.6959	114.822	40.1206	35.6627	
98.0795	115.077	40.1206	35.6627	
98.1668	115.025	40.1206	35.6627	
98.4623	115.376	40.1206	35.6627	
98.6132	116.305	40.1206	35.6627	
98.8937	115.877	40.1206	35.6627	
98.8601	115.933	40.1206	35.6627	
98.9284	116.101	40.1206	35.6627	
98.6802	115.684	40.923	36.376	
99.7085	116.133	40.1206	35.6627	
99.8058	115.984	40.1206	35.6627	
99.9936	115.285	40.1206	35.6627	
99.5762	116.031	40.923	36.376	
100.536	116.973	40.1206	35.6627	
100.989	117.164	39.3339	34.9635	
100.752	115.573	40.1206	35.6627	
100.774	114.666	40.1206	35.6627	
100.189	115.145	40.923	36.376	
100.938	116.308	40.1206	35.6627	
100.828	116.388	40.1206	35.6627	
100.937	116.516	39.3339	34.9635	
100.727	115.332	40.1206	35.6627	
100.554	115.829	40.1206	35.6627	
100.345	115.606	40.1206	35.6627	
100.574	115.949	40.1206	35.6627	
100.258	116.168	40.1206	35.6627	
100.27	115.853	40.1206	35.6627	
100.287	115.245	40.1206	35.6627	
100.287	115.245	40.1206	35.6627	
100.154	115.921	40.1206	35.6627	
100.329	116.418	39.3339	34.9635	
99.9859	116.032	40.1206	35.6627	
99.9246	115.89	40.1206	35.6627	
99.7345	115.71	40.1206	35.6627	
99.0475	115.682	40.923	36.376	
98.7864	115.797	40.923	36.376	
99.5478	116.418	40.1206	35.6627	
99.3235	116.045	40.1206	35.6627	
99.386	116.725	38.5626	34.2779	
99.3531	116.703	38.5626	34.2779	
98.9108	116.553	40.1206	35.6627	
98.7151	116.229	40.1206	35.6627	
99.0054	116.523	39.3339	34.9635	
98.6773	116.296	40.1206	35.6627	
98.6647	116.84	39.3339	34.9635	
98.5318	117.002	39.3339	34.9635	
98.5209	117.047	40.1206	35.6627	
97.881	117.361	40.923	36.376	
98.6605	117.855	40.1206	35.6627	
98.5785	117.505	40.1206	35.6627	
97.9056	116.147	40.923	36.376	
98.0004	116.596	40.923	36.376	
98.6227	116.841	40.1206	35.6627	
99.0117	117.429	39.3339	34.9635	
98.6464	116.863	39.3339	34.9635	
98.5458	116.983	40.1206	35.6627	
98.8446	117.677	38.5626	34.2779	
98.7292	118.372	40.1206	35.6627	
97.6215	117.85	40.923	36.376	
98.6939	119.131	39.3339	34.9635	
97.8736	117.943	40.923	36.376	
98.8472	118.26	39.3339	34.9635	
98.7228	117.919	39.3339	34.9635	
98.7782	117.93	39.3339	34.9635	
98.9668	118.701	38.5626	34.2779	
98.6391	117.918	40.1206	35.6627	
98.5993	118.15	39.3339	34.9635	
98.484	118.102	40.1206	35.6627	
98.3013	118.153	40.1206	35.6627	
98.3258	118.207	40.1206	35.6627	
98.4664	118.345	40.1206	35.6627	
98.3859	118.204	40.1206	35.6627	
98.2611	118.14	40.1206	35.6627	
97.9755	117.691	40.1206	35.6627	
97.9313	118.018	40.1206	35.6627	
97.3919	117.561	40.1206	35.6627	
97.6611	118.272	40.1206	35.6627	
97.3321	118.215	40.1206	35.6627	
97.3321	118.215	40.1206	35.6627	
97.3011	117.767	40.1206	35.6627	
97.5796	117.969	39.3339	34.9635	
96.5907	118.16	40.923	36.376	
97.362	118.85	40.1206	35.6627	
96.6708	117.432	40.923	36.376	
97.133	117.413	40.1206	35.6627	
97.4313	117.466	40.1206	35.6627	
97.5439	117.872	40.1206	35.6627	
97.4667	117.057	40.1206	35.6627	
97.434	116.933	40.1206	35.6627	
97.394	117.615	39.3339	34.9635	
97.5185	117.954	40.1206	35.6627	
97.5138	117.871	40.1206	35.6627	
97.3954	117.79	40.1206	35.6627	
97.573	117.561	40.1206	35.6627	
97.7059	118.345	40.1206	35.6627	
97.623	118.412	40.1206	35.6627	
96.8941	117.366	40.923	36.376	
97.582	117.907	40.1206	35.6627	
97.668	118.345	40.1206	35.6627	
97.8567	118.505	40.1206	35.6627	
97.1053	116.306	40.923	36.376	
97.1091	116.386	40.923	36.376	
97.7253	116.939	40.1206	35.6627	
97.2246	117.464	40.923	36.376	
97.7693	118.412	40.1206	35.6627	
98.0375	118.605	39.3339	34.9635	
97.7599	118.572	40.1206	35.6627	
97.903	118.718	40.1206	35.6627	
97.9668	118.657	40.1206	35.6627	
98.0056	118.663	40.1206	35.6627	
97.8502	118.957	40.1206	35.6627	
97.8376	118.771	40.1206	35.6627	
97.0402	118.539	40.923	36.376	
97.4696	118.876	40.1206	35.6627	
97.5969	119.222	40.1206	35.6627	
97.5292	120.396	40.1206	35.6627	
97.6603	120.904	40.1206	35.6627	
97.3742	120.087	40.1206	35.6627	
97.2793	119.216	40.1206	35.6627	
96.6491	117.464	40.923	36.376	
97.338	118.382	40.1206	35.6627	
97.1076	118.175	40.1206	35.6627	
97.2246	118.718	40.1206	35.6627	
97.2639	118.755	40.1206	35.6627	
96.4908	118.696	40.923	36.376	
96.1289	118.776	40.923	36.376	
95.5519	118.906	41.7415	37.1035	
95.6477	118.381	41.7415	37.1035	
96.1553	118.576	40.923	36.376	
95.5231	117.834	41.7415	37.1035	
95.39	117.153	41.7415	37.1035	
95.3417	116.872	41.7415	37.1035	
95.3737	117.304	41.7415	37.1035	
95.6555	117.602	40.923	36.376	
96.3158	117.799	40.1206	35.6627	
94.9132	116.522	41.7415	37.1035	
94.9967	116.738	41.7415	37.1035	
94.9511	116.755	41.7415	37.1035	
95.1455	116.703	41.7415	37.1035	
95.0683	116.005	41.7415	37.1035	
94.8801	116.088	41.7415	37.1035	
94.6346	115.509	42.5763	37.8456	
94.6407	115.379	42.5763	37.8456	
94.2681	114.979	43.4278	38.6025	
94.6466	115.172	42.5763	37.8456	
94.9364	115.65	42.5763	37.8456	
94.9523	115.659	42.5763	37.8456	
94.5365	115.39	43.4278	38.6025	
94.8927	115.863	42.5763	37.8456	
94.9759	116.48	42.5763	37.8456	
94.6895	115.685	43.4278	38.6025	
95.2088	115.488	42.5763	37.8456	
94.8042	114.429	43.4278	38.6025	
95.3718	115.003	42.5763	37.8456	
95.4411	114.978	42.5763	37.8456	
95.1843	114.214	43.4278	38.6025	
95.6113	114.442	42.5763	37.8456	
95.2436	114.379	43.4278	38.6025	
96.445	114.995	41.7415	37.1035	
96.0153	114.277	43.4278	38.6025	
96.4788	114.63	42.5763	37.8456	
96.6627	114.464	42.5763	37.8456	
97.0293	115.117	42.5763	37.8456	
97.2356	114.83	42.5763	37.8456	
97.404	114.438	42.5763	37.8456	
97.084	114.325	43.4278	38.6025	
97.2471	114.895	43.4278	38.6025	
97.5165	115.109	43.4278	38.6025	
97.6229	115.022	43.4278	38.6025	
98.4066	115.744	42.5763	37.8456	
98.299	115.524	43.4278	38.6025	
98.897	115.851	43.4278	38.6025	
99.055	115.948	43.4278	38.6025	
99.1035	115.793	43.4278	38.6025	
99.3851	116.11	43.4278	38.6025	
99.7821	116.139	43.4278	38.6025	
99.854	116.435	43.4278	38.6025	
99.8464	116.795	43.4278	38.6025	
99.838	116.892	43.4278	38.6025	
100.043	116.768	43.4278	38.6025	
100.211	116.769	43.4278	38.6025	
100.055	116.074	43.4278	38.6025	
100.334	116.053	43.4278	38.6025	
100.609	116.112	43.4278	38.6025	
100.739	116.631	43.4278	38.6025	
100.808	114.962	43.4278	38.6025	
100.731	115.542	43.4278	38.6025	
100.809	115.2	43.4278	38.6025	
100.895	115.213	43.4278	38.6025	
101.05	114.923	43.4278	38.6025	
100.555	114.529	44.2964	39.3745	
101.061	114.907	43.4278	38.6025	
101.293	114.781	43.4278	38.6025	
101.444	115.092	43.4278	38.6025	
101.634	114.592	43.4278	38.6025	
101.768	114.925	43.4278	38.6025	
101.544	114.203	44.2964	39.3745	
101.532	114.702	44.2964	39.3745	
101.837	113.946	43.4278	38.6025	
101.938	114.289	43.4278	38.6025	
101.833	114.4	43.4278	38.6025	
101.945	114.435	43.4278	38.6025	
101.985	113.914	43.4278	38.6025	
101.859	113.737	43.4278	38.6025	
101.928	113.969	43.4278	38.6025	
101.767	114.911	43.4278	38.6025	
101.694	115.607	43.4278	38.6025	
101.083	115.838	44.2964	39.3745	
101.403	116.7	43.4278	38.6025	
100.487	115.914	45.1823	40.162	
100.34	116.353	45.1823	40.162	
100.491	116.39	44.2964	39.3745	
100.389	117.331	43.4278	38.6025	
100.105	116.735	44.2964	39.3745	
100.078	117.109	43.4278	38.6025	
99.5488	117.345	43.4278	38.6025	
98.3638	117.039	45.1823	40.162	
98.3343	118.449	44.2964	39.3745	
97.7331	118.599	44.2964	39.3745	
96.7783	117.429	45.1823	40.162	
96.3872	116.399	45.1823	40.162	
94.7514	117.056	46.0859	40.9653	
94.6887	117.7	45.1823	40.162	
94.1879	118.007	45.1823	40.162	
94.2956	119.101	43.4278	38.6025	
93.6768	118.47	44.2964	39.3745	
92.6746	118.362	45.1823	40.162	
92.6805	118.365	45.1823	40.162	
92.6709	117.468	44.2964	39.3745	
92.6648	118.443	43.4278	38.6025	
92.4478	118.372	43.4278	38.6025	
92.1597	118.452	43.4278	38.6025	
91.7044	118.611	43.4278	38.6025	
91.376	118.406	43.4278	38.6025	
90.5328	118.257	45.1823	40.162	
90.2235	118.314	45.1823	40.162	
90.3449	118.546	44.2964	39.3745	
89.7164	117.254	45.1823	40.162	
90.4492	117.963	43.4278	38.6025	
90.2412	118.078	43.4278	38.6025	
89.461	117.914	44.2964	39.3745	
89.2032	117.902	44.2964	39.3745	
88.4633	117.496	45.1823	40.162	
89.1094	117.763	43.4278	38.6025	
88.4506	117.715	44.2964	39.3745	
88.4972	117.721	43.4278	38.6025	
87.9785	117.653	44.2964	39.3745	
87.9654	117.468	44.2964	39.3745	
87.7976	117.557	44.2964	39.3745	
86.9245	116.74	45.1823	40.162	
87.4297	117.127	43.4278	38.6025	
87.0531	117.073	44.2964	39.3745	
86.9719	116.499	44.2964	39.3745	
86.825	116.568	44.2964	39.3745	
85.9198	115.827	45.1823	40.162	
86.3819	116.458	44.2964	39.3745	
86.1446	116.709	44.2964	39.3745	
86.0195	117.32	44.2964	39.3745	
86.328	116.914	43.4278	38.6025	
86.0621	116.411	44.2964	39.3745	
86.0187	116.358	44.2964	39.3745	
86.0164	116.491	44.2964	39.3745	
86.3615	117.227	43.4278	38.6025	
85.895	117.52	44.2964	39.3745	
86.2089	118.286	43.4278	38.6025	
85.8673	117.709	44.2964	39.3745	
85.6079	116.901	45.1823	40.162	
85.5205	115.924	45.1823	40.162	
85.6447	116.254	45.1823	40.162	
85.5678	117.411	45.1823	40.162	
86.449	118.37	43.4278	38.6025	
86.1127	117.82	44.2964	39.3745	
86.1336	117.776	44.2964	39.3745	
86.1957	119.244	44.2964	39.3745	
85.8994	119.434	45.1823	40.162	
85.8887	120.053	45.1823	40.162	
86.4047	120.659	44.2964	39.3745	
86.4047	120.659	44.2964	39.3745	
85.7217	118.997	46.0859	40.9653	
86.2899	119.816	45.1823	40.162	
86.1845	119.531	45.1823	40.162	
86.3306	119.818	45.1823	40.162	
86.418	119.724	45.1823	40.162	
86.2145	119.74	46.0859	40.9653	
86.731	119.447	45.1823	40.162	
87.0865	120.119	44.2964	39.3745	
86.3878	120.119	46.0859	40.9653	
86.9138	120.847	45.1823	40.162	
86.3794	119.653	46.0859	40.9653	
86.5154	118.717	45.1823	40.162	
86.4507	117.471	46.0859	40.9653	
86.3014	117.826	46.0859	40.9653	
87.2219	118.569	44.2964	39.3745	
86.1842	118.021	46.0859	40.9653	
86.658	118.258	45.1823	40.162	
86.1341	117.646	46.0859	40.9653	
86.7105	118.304	45.1823	40.162	
85.9989	117.8	46.0859	40.9653	
85.892	117.95	46.0859	40.9653	
85.7934	118.112	46.0859	40.9653	
85.7743	118.47	46.0859	40.9653	
85.6423	118.014	46.0859	40.9653	
85.4868	117.477	46.0859	40.9653	
85.7415	117.86	45.1823	40.162	
84.9039	117.576	47.0077	41.7846	
85.0968	117.303	46.0859	40.9653	
84.8504	116.514	46.0859	40.9653	
85.0865	116.551	45.1823	40.162	
84.5245	116.608	46.0859	40.9653	
84.5139	117.069	46.0859	40.9653	
84.3729	117.057	46.0859	40.9653	
84.1821	116.949	46.0859	40.9653	
84.1644	117.068	46.0859	40.9653	
83.7391	116.73	47.0077	41.7846	
83.9602	116.886	46.0859	40.9653	
84.0496	117.358	46.0859	40.9653	
83.9465	117.138	46.0859	40.9653	
83.6762	117.242	46.0859	40.9653	
83.5399	116.558	46.0859	40.9653	
83.4565	116.591	46.0859	40.9653	
83.3429	117.4	46.0859	40.9653	
83.2934	117.923	46.0859	40.9653	
83.5131	116.69	45.1823	40.162	
82.9769	115.896	46.0859	40.9653	
82.8163	116.307	46.0859	40.9653	
82.5719	116.954	46.0859	40.9653	
82.3049	116.642	47.0077	41.7846	
82.3049	116.642	47.0077	41.7846	
82.8692	117.118	45.1823	40.162	
82.342	116.54	46.0859	40.9653	
82.5425	116.106	46.0859	40.9653	
82.3204	115.93	46.0859	40.9653	
82.1188	115.916	46.0859	40.9653	
82.0471	115.971	46.0859	40.9653	
82.1946	116.144	46.0859	40.9653	
81.979	116.127	46.0859	40.9653	
81.8097	115.755	46.0859	40.9653	
81.5355	115.083	46.0859	40.9653	
81.4605	115.965	46.0859	40.9653	
81.4444	116.223	46.0859	40.9653	
81.1223	116.167	46.0859	40.9653	
80.9338	116.377	46.0859	40.9653	
80.5868	116.255	46.0859	40.9653	
80.8364	117.099	46.0859	40.9653	
80.7856	116.934	46.0859	40.9653	
80.6058	116.937	46.0859	40.9653	
80.7864	116.334	46.0859	40.9653	
80.8321	116.556	46.0859	40.9653	
80.8396	116.584	46.0859	40.9653	
80.5224	116.812	46.0859	40.9653	
80.5718	116.97	46.0859	40.9653	
80.688	117.088	46.0859	40.9653	
80.5724	117.35	46.0859	40.9653	
80.5593	117.43	46.0859	40.9653	
80.5454	116.816	46.0859	40.9653	
80.5773	117.58	46.0859	40.9653	
80.8203	117.476	46.0859	40.9653	
80.619	116.972	46.0859	40.9653	
80.61	116.314	46.0859	40.9653	
80.6345	116.187	46.0859	40.9653	
80.6778	116.695	46.0859	40.9653	
80.2726	117.065	47.0077	41.7846	
80.7314	117.723	46.0859	40.9653	
80.8854	117.636	46.0859	40.9653	
80.5879	117.578	47.0077	41.7846	
80.8069	117.285	47.0077	41.7846	
80.926	117.462	47.0077	41.7846	
81.8495	118.051	45.1823	40.162	
81.4675	118.087	46.0859	40.9653	
81.0961	118.038	47.0077	41.7846	
81.7554	117.76	46.0859	40.9653	
81.278	116.554	47.0077	41.7846	
81.3015	116.034	47.0077	41.7846	
81.9164	116.534	46.0859	40.9653	
81.3624	115.68	47.0077	41.7846	
81.7424	116.063	46.0859	40.9653	
81.5463	116.164	47.0077	41.7846	
82.196	116.597	46.0859	40.9653	
81.8049	116.78	47.0077	41.7846	
82.3623	117.244	46.0859	40.9653	
82.3111	117.074	46.0859	40.9653	
82.3603	117.138	46.0859	40.9653	
82.564	116.704	46.0859	40.9653	
82.1729	116.153	47.0077	41.7846	
82.5803	116.625	46.0859	40.9653	
82.4627	117.353	46.0859	40.9653	
82.153	117.13	47.0077	41.7846	
82.556	118.475	46.0859	40.9653	
82.4316	118.381	46.0859	40.9653	
82.152	118.015	47.0077	41.7846	
82.0676	118.735	47.0077	41.7846	
82.5132	118.574	46.0859	40.9653	
82.099	117.669	47.0077	41.7846	
81.9728	116.721	47.0077	41.7846	
82.4206	117.317	46.0859	40.9653	
81.9268	117.49	47.0077	41.7846	
82.4801	117.89	46.0859	40.9653	
82.2839	117.785	46.0859	40.9653	
82.2802	118.105	46.0859	40.9653	
82.1685	117.786	46.0859	40.9653	
82.2657	118.484	46.0859	40.9653	
82.164	118.192	46.0859	40.9653	
82.109	118.269	46.0859	40.9653	
81.9803	118.073	46.0859	40.9653	
81.527	118.474	47.0077	41.7846	
81.4893	117.846	47.0077	41.7846	
81.8108	117.939	46.0859	40.9653	
81.3203	118.309	47.0077	41.7846	
81.6716	118.662	46.0859	40.9653	
81.3656	117.234	47.0077	41.7846	
81.211	116.551	47.0077	41.7846	
81.4639	116.883	46.0859	40.9653	
81.5227	117.235	46.0859	40.9653	
81.0754	117.447	47.0077	41.7846	
80.9571	117.24	47.0077	41.7846	
81.3786	117.738	46.0859	40.9653	
81.4304	117.551	46.0859	40.9653	
80.9645	117.533	47.0077	41.7846	
81.0016	116.975	47.0077	41.7846	
80.8935	117.491	47.0077	41.7846	
81.2551	118.482	46.0859	40.9653	
81.0759	118.39	47.0077	41.7846	
80.9538	117.443	47.0077	41.7846	
81.0733	117.089	47.0077	41.7846	
81.7316	119.063	46.0859	40.9653	
81.2696	119.009	47.0077	41.7846	
81.1091	118.963	47.0077	41.7846	
81.1091	118.963	47.0077	41.7846	
81.5791	119.024	46.0859	40.9653	
81.2622	118.131	47.0077	41.7846	
81.9353	119.419	46.0859	40.9653	
81.3451	119.404	47.0077	41.7846	
81.3809	119.611	47.0077	41.7846	
81.456	119.582	47.0077	41.7846	
81.5377	119.57	47.0077	41.7846	
81.7749	119.172	47.0077	41.7846	
81.8646	119.081	47.0077	41.7846	
82.3194	119.382	46.0859	40.9653	
82.1259	119.085	47.0077	41.7846	
82.6486	119.624	46.0859	40.9653	
82.2237	118.855	47.0077	41.7846	
82.2761	118.579	47.0077	41.7846	
82.6745	119.133	47.0077	41.7846	
82.8705	119.219	47.0077	41.7846	
82.8786	118.771	47.0077	41.7846	
83.1608	117.63	47.0077	41.7846	
83.2261	116.773	47.0077	41.7846	
83.7198	117.498	46.0859	40.9653	
83.8659	117.78	46.0859	40.9653	
84.108	118.386	46.0859	40.9653	
83.7489	117.936	47.0077	41.7846	
83.9319	118.694	47.0077	41.7846	
84.5265	119.248	46.0859	40.9653	
84.6145	119.034	46.0859	40.9653	
84.3869	118.538	47.0077	41.7846	
84.5198	118.31	47.0077	41.7846	
84.7918	117.507	47.0077	41.7846	
84.8657	116.889	47.0077	41.7846	
84.7136	116.514	47.0077	41.7846	
85.2433	117.25	46.0859	40.9653	
85.2383	118.188	46.0859	40.9653	
85.8849	118.791	45.1823	40.162	
84.9074	118.148	47.0077	41.7846	
84.7391	118.217	47.0077	41.7846	
85.4913	118.478	46.0859	40.9653	
85.0203	118.764	47.0077	41.7846	
85.2481	119.295	47.0077	41.7846	
85.2054	119.146	47.0077	41.7846	
85.4138	119.403	47.0077	41.7846	
85.5398	119.234	47.0077	41.7846	
86.4606	119.953	46.0859	40.9653	
85.9924	119.429	47.0077	41.7846	
86.2633	119.035	47.0077	41.7846	
86.8806	119.672	46.0859	40.9653	
86.411	118.762	47.0077	41.7846	
86.4752	118.585	47.0077	41.7846	
87.168	119.913	46.0859	40.9653	
87.3703	119.981	46.0859	40.9653	
86.9243	120.128	47.0077	41.7846	
86.8818	119.505	47.0077	41.7846	
86.8818	118.895	47.0077	41.7846	
87.4489	118.863	46.0859	40.9653	
87.0398	118.652	47.0077	41.7846	
87.0777	118.547	47.0077	41.7846	
87.9484	119.269	45.1823	40.162	
87.8111	118.518	46.0859	40.9653	
87.3348	118.281	47.0077	41.7846	
87.3553	118.401	47.0077	41.7846	
87.3688	117.712	47.0077	41.7846	
87.9821	118.378	46.0859	40.9653	
88.1288	118.659	46.0859	40.9653	
88.2624	119.018	46.0859	40.9653	
88.3407	118.848	46.0859	40.9653	
87.9816	117.8	47.0077	41.7846	
88.0253	117.039	47.0077	41.7846	
88.5785	117.74	46.0859	40.9653	
88.464	117.496	46.0859	40.9653	
87.8484	116.849	47.0077	41.7846	
87.6877	117.483	47.0077	41.7846	
88.2812	118.563	46.0859	40.9653	
88.1008	118.986	46.0859	40.9653	
88.3007	119.292	46.0859	40.9653	
88.0057	118.709	46.0859	40.9653	
87.8231	118.546	46.0859	40.9653	
87.735	118.625	46.0859	40.9653	
87.1828	117.773	47.0077	41.7846	
87.5726	117.937	46.0859	40.9653	
87.4908	117.862	46.0859	40.9653	
87.4243	117.994	46.0859	40.9653	
87.5335	118.19	46.0859	40.9653	
86.9288	117.711	47.0077	41.7846	
87.8137	117.998	45.1823	40.162	
87.4001	118.337	46.0859	40.9653	
86.7873	118.341	47.0077	41.7846	
87.693	119.148	45.1823	40.162	
86.7467	117.971	47.0077	41.7846	
87.0799	118.487	46.0859	40.9653	
86.5213	118.207	47.0077	41.7846	
87.3329	119.192	45.1823	40.162	
86.6064	118.941	46.0859	40.9653	
86.5459	118.46	46.0859	40.9653	
86.6381	118.635	46.0859	40.9653	
86.6274	119.106	45.1823	40.162	
86.8021	119.104	45.1823	40.162	
86.301	119.382	46.0859	40.9653	
86.2747	119.047	46.0859	40.9653	
86.2619	118.576	46.0859	40.9653	
86.2638	118.576	46.0859	40.9653	
86.1126	117.839	46.0859	40.9653	
86.131	117.894	46.0859	40.9653	
85.6692	118.55	47.0077	41.7846	
86.3029	119.021	46.0859	40.9653	
86.4355	119.125	45.1823	40.162	
86.2595	119.089	45.1823	40.162	
85.8762	118.384	46.0859	40.9653	
85.4077	119.132	47.0077	41.7846	
85.7645	119.838	46.0859	40.9653	
85.5347	119.416	46.0859	40.9653	
85.5965	119.215	46.0859	40.9653	
85.6619	119.186	46.0859	40.9653	
85.6773	119.208	46.0859	40.9653	
85.8307	119.222	45.1823	40.162	
85.9102	119.689	45.1823	40.162	
85.4589	118.925	46.0859	40.9653	
85.5949	119.24	46.0859	40.9653	
85.8487	119.297	45.1823	40.162	
85.513	118.954	46.0859	40.9653	
85.066	119.721	47.0077	41.7846	
85.0932	120.341	47.0077	41.7846	
85.3568	120.321	46.0859	40.9653	
85.2077	119.172	47.0077	41.7846	
85.6311	118.62	46.0859	40.9653	
85.1698	118.513	47.0077	41.7846	
85.7481	118.782	46.0859	40.9653	
85.4415	118.574	46.0859	40.9653	
85.0548	118.142	47.0077	41.7846	
85.4197	118.504	46.0859	40.9653	
85.3963	118.665	46.0859	40.9653	
85.1638	118.633	46.0859	40.9653	
85.2475	119.147	46.0859	40.9653	
85.2909	119.173	46.0859	40.9653	
85.3652	119.391	46.0859	40.9653	
85.2173	118.605	46.0859	40.9653	
85.8197	118.441	45.1823	40.162	
85.18	118.118	46.0859	40.9653	
85.1793	118.471	46.0859	40.9653	
85.2415	117.809	46.0859	40.9653	
85.6901	117.664	45.1823	40.162	
85.5648	117.665	45.1823	40.162	
85.2807	117.581	46.0859	40.9653	
85.2778	118.6	46.0859	40.9653	
84.8885	118.485	47.0077	41.7846	
85.3994	117.62	46.0859	40.9653	
85.8092	117.695	45.1823	40.162	
85.7815	117.694	45.1823	40.162	
85.2911	117.644	46.0859	40.9653	
85.2205	117.845	46.0859	40.9653	
85.2205	117.845	46.0859	40.9653	
85.2248	117.308	46.0859	40.9653	
85.6841	117.183	45.1823	40.162	
85.5083	116.166	45.1823	40.162	
84.9857	115.083	46.0859	40.9653	
84.7633	115.625	46.0859	40.9653	
84.6302	115.65	46.0859	40.9653	
85.0125	116.588	45.1823	40.162	
84.8058	116.868	45.1823	40.162	
84.2368	116.758	46.0859	40.9653	
84.2398	117.803	46.0859	40.9653	
84.0734	118.151	46.0859	40.9653	
83.9703	118.123	46.0859	40.9653	
83.9105	118.258	46.0859	40.9653	
84.1635	118.315	45.1823	40.162	
83.7213	117.55	46.0859	40.9653	
84.0109	117.552	45.1823	40.162	
83.5064	116.938	46.0859	40.9653	
83.4948	117.229	46.0859	40.9653	
83.5405	118.215	45.1823	40.162	
82.8031	117.798	46.0859	40.9653	
82.8661	118.194	45.1823	40.162	
82.8196	118.575	45.1823	40.162	
82.0615	118.163	46.0859	40.9653	
82.2948	118.733	45.1823	40.162	
81.5498	117.84	46.0859	40.9653	
81.365	117.666	46.0859	40.9653	
81.6697	118.176	45.1823	40.162	
80.9721	117.381	46.0859	40.9653	
81.2956	117.315	45.1823	40.162	
80.4248	116.739	46.0859	40.9653	
80.7046	116.757	45.1823	40.162	
80.4775	117.048	45.1823	40.162	
80.4652	117.328	45.1823	40.162	
79.8898	117.365	45.1823	40.162	
79.8083	117.12	45.1823	40.162	
78.9484	116.398	46.0859	40.9653	
78.9323	116.206	45.1823	40.162	
78.67	115.993	45.1823	40.162	
78.528	117.169	45.1823	40.162	
77.0338	118.009	47.0077	41.7846	
77.7001	119.307	45.1823	40.162	
77.4353	119.357	45.1823	40.162	
76.9235	118.728	45.1823	40.162	
77.2354	118.768	44.2964	39.3745	
75.8957	118.042	46.0859	40.9653	
75.4987	117.312	45.1823	40.162	
74.8154	116.41	46.0859	40.9653	
74.4716	116.633	46.0859	40.9653	
74.495	117.438	45.1823	40.162	
74.495	117.438	45.1823	40.162	
74.06	117.683	45.1823	40.162	
73.6235	118.593	45.1823	40.162	
73.8579	119.154	44.2964	39.3745	
72.8522	118.515	45.1823	40.162	
72.6116	118.759	45.1823	40.162	
72.6134	119.246	44.2964	39.3745	
71.7581	119.495	45.1823	40.162	
72.058	119.627	44.2964	39.3745	
70.6544	117.956	46.0859	40.9653	
70.2374	116.949	46.0859	40.9653	
70.4421	117.23	45.1823	40.162	
70.8602	117.945	43.4278	38.6025	
70.4262	117.941	43.4278	38.6025	
69.2044	117.018	45.1823	40.162	
69.249	116.222	44.2964	39.3745	
69.1442	116.12	43.4278	38.6025	
68.4018	115.811	44.2964	39.3745	
67.553	114.759	45.1823	40.162	
67.4022	115.527	44.2964	39.3745	
67.0081	115.722	44.2964	39.3745	
67.0854	116.158	43.4278	38.6025	
65.7821	115.232	45.1823	40.162	
65.7882	115.203	44.2964	39.3745	
65.5025	115.337	44.2964	39.3745	
65.4536	115.386	44.2964	39.3745	
64.9243	115.043	45.1823	40.162	
64.9745	114.134	44.2964	39.3745	
64.9439	113.63	44.2964	39.3745	
64.1295	113.003	45.1823	40.162	
63.9893	113.184	45.1823	40.162	
63.8751	113.835	45.1823	40.162	
63.9355	114.385	44.2964	39.3745	
63.5727	114.872	44.2964	39.3745	
63.3055	114.982	44.2964	39.3745	
63.3584	114.018	44.2964	39.3745	
62.5418	112.86	45.1823	40.162	
62.6188	112.927	45.1823	40.162	
62.7939	113.749	44.2964	39.3745	
62.6236	112.903	44.2964	39.3745	
62.2376	112.878	44.2964	39.3745	
62.5585	114.282	43.4278	38.6025	
61.6482	114.144	44.2964	39.3745	
61.6594	114.178	44.2964	39.3745	
61.3253	113.394	44.2964	39.3745	
61.7506	112.904	43.4278	38.6025	
60.6389	112.329	45.1823	40.162	
61.2077	113.194	44.2964	39.3745	
61.3124	113.551	43.4278	38.6025	
60.1198	112.675	45.1823	40.162	
60.0008	112.664	45.1823	40.162	
60.4187	112.993	44.2964	39.3745	
60.3006	112.67	44.2964	39.3745	
60.1556	112.435	44.2964	39.3745	
59.3813	112.192	45.1823	40.162	
59.5298	112.894	44.2964	39.3745	
59.5953	112.018	44.2964	39.3745	
59.7239	112.064	43.4278	38.6025	
59.5482	112.735	43.4278	38.6025	
59.3498	113.508	43.4278	38.6025	
59.5894	113.398	43.4278	38.6025	
59.2071	113.343	43.4278	38.6025	
58.9495	113.645	43.4278	38.6025	
58.8175	113.288	43.4278	38.6025	
58.8265	113.581	43.4278	38.6025	
58.4713	113.742	43.4278	38.6025	
58.4916	113.241	43.4278	38.6025	
58.2867	113.831	43.4278	38.6025	
58.2989	113.438	43.4278	38.6025	
58.1468	113.816	43.4278	38.6025	
57.86	113.786	43.4278	38.6025	
57.2427	113.683	44.2964	39.3745	
57.4667	113.458	43.4278	38.6025	
57.7998	113.781	42.5763	37.8456	
56.9494	112.521	43.4278	38.6025	
56.6093	112.314	43.4278	38.6025	
56.3303	113.081	43.4278	38.6025	
56.5911	113.595	42.5763	37.8456	
56.0351	113.855	42.5763	37.8456	
55.8133	113.826	42.5763	37.8456	
55.2096	113.027	43.4278	38.6025	
55.455	113.652	42.5763	37.8456	
55.007	113.171	43.4278	38.6025	
55.131	113.704	42.5763	37.8456	
54.2232	113.207	43.4278	38.6025	
54.4432	113.602	42.5763	37.8456	
54.4739	113.936	42.5763	37.8456	
54.008	112.98	43.4278	38.6025	
53.7819	113.093	43.4278	38.6025	
54.0946	113.521	42.5763	37.8456	
54.3749	114.176	41.7415	37.1035	
54.4179	114.336	41.7415	37.1035	
54.1457	114.538	41.7415	37.1035	
54.1692	115.153	41.7415	37.1035	
53.9972	115.592	41.7415	37.1035	
53.1372	115.043	43.4278	38.6025	
53.6433	115.44	41.7415	37.1035	
53.635	115.49	41.7415	37.1035	
53.6985	115.784	41.7415	37.1035	
53.8429	115.794	41.7415	37.1035	
53.8429	115.794	41.7415	37.1035	
53.5299	115.594	41.7415	37.1035	
53.3005	115.842	41.7415	37.1035	
52.655	114.766	42.5763	37.8456	
52.9965	115.292	41.7415	37.1035	
52.9259	115.069	41.7415	37.1035	
52.8496	115.153	41.7415	37.1035	
52.7266	115.067	41.7415	37.1035	
52.9784	115.538	41.7415	37.1035	
53.8871	116.004	40.1206	35.6627	
52.7396	114.103	41.7415	37.1035	
52.4808	114.856	41.7415	37.1035	
52.6295	114.708	41.7415	37.1035	
52.3055	115.014	41.7415	37.1035	
52.2425	115.142	41.7415	37.1035	
52.0326	114.364	41.7415	37.1035	
52.3123	114.391	41.7415	37.1035	
52.2771	113.651	41.7415	37.1035	
53.09	113.762	40.923	36.376	
52.5937	112.954	41.7415	37.1035	
52.6192	112.934	41.7415	37.1035	
53.0697	113.593	40.923	36.376	
52.8313	113.039	41.7415	37.1035	
52.79	113.377	41.7415	37.1035	
52.8092	112.689	41.7415	37.1035	
52.9236	112.479	41.7415	37.1035	
53.6072	112.6	40.923	36.376	
53.182	112.182	41.7415	37.1035	
53.3741	112.415	41.7415	37.1035	
54.5009	115.076	40.1206	35.6627	
53.9923	114.091	40.923	36.376	
54.9057	114.26	40.1206	35.6627	
55.0585	113.968	40.1206	35.6627	
55.1477	113.788	40.1206	35.6627	
55.3965	113.829	40.1206	35.6627	
54.6815	113.771	40.923	36.376	
54.5076	114.118	40.923	36.376	
54.4394	114.712	40.923	36.376	
55.3955	115.348	40.1206	35.6627	
55.7599	115.663	40.1206	35.6627	
55.5835	115.39	40.1206	35.6627	
55.5541	115.67	40.1206	35.6627	
55.5347	116.037	40.1206	35.6627	
55.718	115.945	40.1206	35.6627	
55.7948	116.421	39.3339	34.9635	
55.6552	115.901	40.1206	35.6627	
54.951	115.86	40.923	36.376	
54.9328	115.922	40.923	36.376	
55.6603	116.488	40.1206	35.6627	
55.5961	116.243	40.1206	35.6627	
55.5961	116.243	40.1206	35.6627	
55.7381	116.475	40.1206	35.6627	
55.8654	116.523	40.1206	35.6627	
56.163	116.75	39.3339	34.9635	
56.0058	117.154	39.3339	34.9635	
55.5208	116.066	40.1206	35.6627	
56.0621	116.747	39.3339	34.9635	
56.1339	116.167	39.3339	34.9635	
55.6769	116.027	40.1206	35.6627	
55.5683	115.917	40.1206	35.6627	
56.0685	116.487	38.5626	34.2779	
55.8518	115.175	40.1206	35.6627	
55.9399	114.811	40.1206	35.6627	
56.0887	114.618	40.1206	35.6627	
56.4981	115.212	39.3339	34.9635	
56.5372	115.454	39.3339	34.9635	
56.2924	115.372	40.1206	35.6627	
56.7893	116.094	39.3339	34.9635	
57.1316	116.016	39.3339	34.9635	
57.0546	116.535	39.3339	34.9635	
56.9894	115.951	40.1206	35.6627	
57.3442	116.033	39.3339	34.9635	
57.2395	115.399	40.1206	35.6627	
57.2389	115.525	40.1206	35.6627	
57.4536	115.27	40.1206	35.6627	
57.8605	115.918	39.3339	34.9635	
57.4917	115.413	40.1206	35.6627	
57.9866	116.064	39.3339	34.9635	
58.1784	116.005	39.3339	34.9635	
57.2006	115.238	40.923	36.376	
58.2653	116.238	39.3339	34.9635	
57.3279	115.263	40.923	36.376	
57.3796	114.94	40.923	36.376	
58.7205	116.666	39.3339	34.9635	
58.7929	116.291	39.3339	34.9635	
58.5257	115.388	40.1206	35.6627	
58.5332	114.736	39.3339	34.9635	
58.4209	113.92	40.1206	35.6627	
58.8936	114.66	39.3339	34.9635	
58.5661	114.74	40.1206	35.6627	
59.0013	115.408	39.3339	34.9635	
58.7636	114.156	40.1206	35.6627	
58.6785	114.617	40.1206	35.6627	
59.5217	114.967	38.5626	34.2779	
59.2219	114.741	40.1206	35.6627	
59.6571	115.661	39.3339	34.9635	
59.5226	115.508	40.1206	35.6627	
59.6975	114.822	40.1206	35.6627	
60.0721	114.115	39.3339	34.9635	
59.2712	113.447	40.923	36.376	
59.2725	113.451	40.923	36.376	
60.1273	114.556	40.1206	35.6627	
60.8976	115.571	39.3339	34.9635	
60.6578	115.235	40.1206	35.6627	
60.8281	115.254	40.1206	35.6627	
61.0718	115.148	40.1206	35.6627	
61.3308	114.969	40.1206	35.6627	
61.7883	115.551	39.3339	34.9635	
62.0126	115.392	39.3339	34.9635	
61.8051	115.645	38.5626	34.2779	
62.1285	115.833	38.5626	34.2779	
62.0179	116.434	38.5626	34.2779	
62.252	116.253	39.3339	34.9635	
61.1051	115.673	40.923	36.376	
62.0418	115.733	40.1206	35.6627	
62.3318	116.026	39.3339	34.9635	
61.8942	115.419	40.1206	35.6627	
62.4435	116.181	38.5626	34.2779	
62.2884	116.443	38.5626	34.2779	
62.4588	116.439	39.3339	34.9635	
62.151	115.526	40.1206	35.6627	
62.1497	115.275	39.3339	34.9635	
61.8774	114.696	40.1206	35.6627	
61.9408	114.99	38.5626	34.2779	
61.8822	115.118	39.3339	34.9635	
61.7505	114.242	39.3339	34.9635	
61.5595	113.984	39.3339	34.9635	
61.5463	113.626	39.3339	34.9635	
61.01	113.789	40.1206	35.6627	
61.043	113.755	40.1206	35.6627	
60.7879	113.96	40.1206	35.6627	
60.741	113.982	40.1206	35.6627	
60.6433	113.749	40.1206	35.6627	
60.6737	113.344	40.1206	35.6627	
60.7855	113.72	40.1206	35.6627	
60.8966	114.892	38.5626	34.2779	
61.1252	115.801	38.5626	34.2779	
61.0471	115.911	38.5626	34.2779	
60.8923	116.341	39.3339	34.9635	
60.4835	115.522	40.1206	35.6627	
60.9849	116.361	39.3339	34.9635	
60.5686	115.381	40.1206	35.6627	
60.5476	115.106	40.1206	35.6627	
60.2459	114.345	40.1206	35.6627	
60.3415	114.378	40.1206	35.6627	
60.2259	114.296	40.1206	35.6627	
60.1774	114.473	40.1206	35.6627	
60.325	113.802	40.1206	35.6627	
60.2558	113.53	40.1206	35.6627	
60.1922	112.171	40.1206	35.6627	
60.2989	112.259	40.1206	35.6627	
60.2053	112.477	40.1206	35.6627	
59.5283	112.341	40.923	36.376	
58.8373	112.39	41.7415	37.1035	
59.0251	112.823	41.7415	37.1035	
58.8288	113.451	41.7415	37.1035	
60.1613	114.358	40.1206	35.6627	
59.4501	114.781	40.923	36.376	
59.2402	114.3	41.7415	37.1035	
59.514	115.142	40.923	36.376	
60.3323	115.947	40.1206	35.6627	
60.1676	116.323	40.1206	35.6627	
60.2393	116.44	40.1206	35.6627	
60.4472	116.782	40.1206	35.6627	
58.9211	115.948	41.7415	37.1035	
60.5327	116.497	40.1206	35.6627	
60.3973	116.787	40.1206	35.6627	
61.8924	116.632	39.3339	34.9635	
61.5127	115.972	40.1206	35.6627	
61.3481	115.587	40.1206	35.6627	
61.9837	116.326	39.3339	34.9635	
61.5871	115.522	40.1206	35.6627	
60.6054	115.07	40.923	36.376	
61.8106	115.392	39.3339	34.9635	
60.4168	114.76	40.923	36.376	
60.3075	114.724	40.923	36.376	
60.3342	115.053	40.923	36.376	
60.9813	115.668	40.1206	35.6627	
60.4211	115.397	40.923	36.376	
60.3558	115.435	40.923	36.376	
61.5696	116.509	39.3339	34.9635	
61.1816	116.091	40.1206	35.6627	
61.5205	116.523	39.3339	34.9635	
60.5911	116.013	40.923	36.376	
61.8528	116.63	40.1206	35.6627	
61.788	116.647	40.1206	35.6627	
60.8923	115.534	41.7415	37.1035	
62.0475	117.021	40.1206	35.6627	
62.543	117.132	39.3339	34.9635	
61.7127	116.101	40.923	36.376	
62.6773	116.235	40.1206	35.6627	
62.6348	116.339	40.1206	35.6627	
62.7277	115.898	40.1206	35.6627	
62.832	115.923	40.1206	35.6627	
62.9949	115.963	39.3339	34.9635	
62.0371	114.957	40.923	36.376	
62.9737	115.429	40.1206	35.6627	
63.2519	115.529	40.1206	35.6627	
63.4973	115.77	40.1206	35.6627	
63.5583	115.993	40.1206	35.6627	
63.5583	115.993	40.1206	35.6627	
63.9761	116.244	39.3339	34.9635	
63.8029	116.219	40.1206	35.6627	
63.8135	116.286	40.1206	35.6627	
63.0997	116.052	40.923	36.376	
63.9719	116.611	39.3339	34.9635	
63.761	116.357	40.1206	35.6627	
63.6851	116.261	40.1206	35.6627	
63.6779	116.501	40.1206	35.6627	
63.5175	116.013	40.1206	35.6627	
62.5171	115.131	41.7415	37.1035	
63.554	115.504	40.1206	35.6627	
63.5228	115.733	40.1206	35.6627	
63.519	115.329	40.1206	35.6627	
63.4359	115.294	40.1206	35.6627	
63.4141	115.495	40.1206	35.6627	
63.3344	115.717	40.1206	35.6627	
63.3388	115.712	40.1206	35.6627	
63.2882	115.853	40.1206	35.6627	
63.193	115.872	40.1206	35.6627	
62.389	115.723	40.923	36.376	
61.9047	115.898	41.7415	37.1035	
63.0476	116.581	40.1206	35.6627	
63.2259	116.479	40.1206	35.6627	
62.4578	114.545	40.923	36.376	
61.8363	114.168	41.7415	37.1035	
62.226	115.065	40.923	36.376	
61.9601	115.508	41.7415	37.1035	
61.9647	115.428	41.7415	37.1035	
62.2547	116.303	40.923	36.376	
61.9498	116.21	40.923	36.376	
61.5986	115.759	41.7415	37.1035	
61.8862	116.537	40.923	36.376	
61.4004	116.051	41.7415	37.1035	
61.5883	116.657	40.923	36.376	
61.2564	116.174	41.7415	37.1035	
61.2107	116.198	41.7415	37.1035	
61.481	116.288	40.923	36.376	
60.8692	116.48	41.7415	37.1035	
60.8685	116.177	41.7415	37.1035	
60.9262	115.728	41.7415	37.1035	
61.9216	116.176	40.1206	35.6627	
61.1963	115.305	40.923	36.376	
60.435	114.502	41.7415	37.1035	
60.5543	114.465	41.7415	37.1035	
60.2831	112.926	41.7415	37.1035	
59.9652	112.471	42.5763	37.8456	
60.4206	112.161	41.7415	37.1035	
60.0743	112.251	41.7415	37.1035	
59.7535	112.791	41.7415	37.1035	
59.7163	113.018	41.7415	37.1035	
59.5052	113.631	41.7415	37.1035	
59.3735	113.414	42.5763	37.8456	
59.6786	113.887	41.7415	37.1035	
59.5979	113.836	41.7415	37.1035	
59.5345	114.155	41.7415	37.1035	
59.2789	113.462	42.5763	37.8456	
59.3165	113.555	42.5763	37.8456	
59.6271	113.752	41.7415	37.1035	
59.5671	113.887	41.7415	37.1035	
59.5407	113.858	41.7415	37.1035	
59.6122	113.7	41.7415	37.1035	
58.9959	112.718	42.5763	37.8456	
59.0006	112.646	42.5763	37.8456	
59.4394	112.715	41.7415	37.1035	
59.4264	112.375	41.7415	37.1035	
59.4185	112.281	41.7415	37.1035	
59.2778	112.26	41.7415	37.1035	
58.8784	112.113	42.5763	37.8456	
58.8868	112.61	42.5763	37.8456	
59.2811	113.324	41.7415	37.1035	
59.2724	113.205	41.7415	37.1035	
58.8362	114.297	42.5763	37.8456	
58.5859	113.962	43.4278	38.6025	
59.3852	114.804	41.7415	37.1035	
59.4066	114.72	41.7415	37.1035	
59.1748	114.524	42.5763	37.8456	
59.1261	114.509	42.5763	37.8456	
59.4045	114.919	42.5763	37.8456	
59.9796	115.184	41.7415	37.1035	
59.8412	115.61	41.7415	37.1035	
59.9719	115.738	41.7415	37.1035	
59.7975	114.844	41.7415	37.1035	
59.8338	113.999	41.7415	37.1035	
59.1843	112.187	42.5763	37.8456	
59.4142	112.842	41.7415	37.1035	
59.4251	113.318	41.7415	37.1035	
59.7913	113.716	41.7415	37.1035	
58.9706	113.424	43.4278	38.6025	
59.9204	115.231	41.7415	37.1035	
59.4939	114.649	43.4278	38.6025	
60.2871	115.697	42.5763	37.8456	
60.7067	116.857	41.7415	37.1035	
60.3217	115.961	43.4278	38.6025	
61.1342	115.785	42.5763	37.8456	
60.899	114.326	43.4278	38.6025	
61.8713	113.237	41.7415	37.1035	
61.5346	111.365	43.4278	38.6025	
62.0482	110.861	43.4278	38.6025	
62.1505	110.7	43.4278	38.6025	
62.1505	110.7	43.4278	38.6025	
62.298	110.842	43.4278	38.6025	
63.2582	111.815	42.5763	37.8456	
63.1106	111.392	43.4278	38.6025	
63.3447	111.593	43.4278	38.6025	
64.1472	111.438	42.5763	37.8456	
64.2886	111.812	42.5763	37.8456	
64.5462	111.651	42.5763	37.8456	
64.9003	111.402	42.5763	37.8456	
64.9031	111.56	42.5763	37.8456	
65.3437	111.966	42.5763	37.8456	
64.8808	111.167	43.4278	38.6025	
65.365	111.757	42.5763	37.8456	
65.2434	111.356	42.5763	37.8456	
65.2541	112.054	42.5763	37.8456	
64.8233	111.595	43.4278	38.6025	
65.6265	112.529	41.7415	37.1035	
65.2424	112.221	42.5763	37.8456	
65.1705	111.68	42.5763	37.8456	
64.8982	111.697	43.4278	38.6025	
64.8907	111.239	43.4278	38.6025	
65.1067	111.654	43.4278	38.6025	
65.0854	111.302	43.4278	38.6025	
65.0562	111.647	43.4278	38.6025	
64.9752	111.238	43.4278	38.6025	
65.1212	111.507	43.4278	38.6025	
64.9819	110.995	43.4278	38.6025	
65.2637	111.589	43.4278	38.6025	
65.2442	111.908	43.4278	38.6025	
65.7265	111.948	43.4278	38.6025	
65.8196	112.366	43.4278	38.6025	
66.6497	113.682	41.7415	37.1035	
66.0944	113.264	43.4278	38.6025	
65.9437	112.686	44.2964	39.3745	
66.46	111.993	44.2964	39.3745	
66.9051	111.883	43.4278	38.6025	
67.0079	112.246	43.4278	38.6025	
67.2337	112.836	43.4278	38.6025	
67.7205	113.325	43.4278	38.6025	
67.8384	113.709	43.4278	38.6025	
67.7081	113.799	44.2964	39.3745	
68.1384	113.99	43.4278	38.6025	
68.7548	114.417	43.4278	38.6025	
68.6541	114.507	43.4278	38.6025	
68.3062	114.249	44.2964	39.3745	
68.7372	114.001	43.4278	38.6025	
68.5822	114.167	43.4278	38.6025	
68.4732	113.884	43.4278	38.6025	
68.5425	114.374	42.5763	37.8456	
67.768	114.184	43.4278	38.6025	
67.768	114.184	43.4278	38.6025	
67.8636	114.533	43.4278	38.6025	
67.4313	114.058	43.4278	38.6025	
67.6588	114.326	43.4278	38.6025	
67.4091	114.786	43.4278	38.6025	
67.4919	115.015	43.4278	38.6025	
67.3876	115.102	43.4278	38.6025	
67.4616	114.811	43.4278	38.6025	
66.2932	114.261	45.1823	40.162	
67.1033	114.953	43.4278	38.6025	
66.8306	115.032	43.4278	38.6025	
66.941	115.122	43.4278	38.6025	
66.6635	115.215	43.4278	38.6025	
66.8338	115.133	43.4278	38.6025	
66.882	115.347	43.4278	38.6025	
66.8713	115.091	43.4278	38.6025	
66.7035	115.174	43.4278	38.6025	
66.8379	115.609	43.4278	38.6025	
66.7977	115.412	43.4278	38.6025	
66.9737	115.101	43.4278	38.6025	
67.0287	114.501	43.4278	38.6025	
66.7602	113.678	44.2964	39.3745	
66.8299	114.242	44.2964	39.3745	
67.6249	114.767	43.4278	38.6025	
67.6417	115.51	43.4278	38.6025	
67.6391	115.625	43.4278	38.6025	
67.4435	115.238	44.2964	39.3745	
67.9761	115.408	43.4278	38.6025	
67.7338	115.467	44.2964	39.3745	
68.2433	116.07	43.4278	38.6025	
68.2293	115.482	43.4278	38.6025	
67.8893	115.08	44.2964	39.3745	
68.7136	114.324	43.4278	38.6025	
68.6854	113.415	43.4278	38.6025	
68.5966	113.406	43.4278	38.6025	
68.5368	113.901	43.4278	38.6025	
68.5556	114.217	44.2964	39.3745	
68.7609	113.762	43.4278	38.6025	
68.6216	114.362	43.4278	38.6025	
68.1683	113.784	44.2964	39.3745	
68.8732	114.392	43.4278	38.6025	
68.8445	114.702	43.4278	38.6025	
68.9995	114.777	43.4278	38.6025	
68.5477	113.75	44.2964	39.3745	
68.5187	113.092	44.2964	39.3745	
68.631	113.186	43.4278	38.6025	
68.6567	113.157	43.4278	38.6025	
68.6219	113.774	43.4278	38.6025	
68.511	114.164	43.4278	38.6025	
68.2529	113.828	44.2964	39.3745	
68.2612	113.831	44.2964	39.3745	
68.2007	113.781	44.2964	39.3745	
67.8955	114.591	44.2964	39.3745	
68.1292	115.287	43.4278	38.6025	
67.7643	115.522	43.4278	38.6025	
67.7172	114.675	43.4278	38.6025	
67.5194	114.192	43.4278	38.6025	
67.0727	113.922	44.2964	39.3745	
67.4086	114.088	43.4278	38.6025	
67.1187	114.314	43.4278	38.6025	
66.6038	114.278	43.4278	38.6025	
66.2945	114.499	43.4278	38.6025	
66.1578	114.247	43.4278	38.6025	
64.9682	113.502	45.1823	40.162	
65.3421	113.876	44.2964	39.3745	
65.3181	114.303	43.4278	38.6025	
65.1832	113.954	44.2964	39.3745	
65.7216	114.636	42.5763	37.8456	
65.1939	113.341	44.2964	39.3745	
64.8307	113.633	44.2964	39.3745	
64.6583	114.044	44.2964	39.3745	
65.3206	114.528	43.4278	38.6025	
65.7125	114.488	43.4278	38.6025	
65.0548	114.326	45.1823	40.162	
65.4618	114.298	45.1823	40.162	
66.3677	115.534	44.2964	39.3745	
66.91	115.265	44.2964	39.3745	
67.3824	114.62	44.2964	39.3745	
67.4182	113.829	44.2964	39.3745	
68.0866	113.557	43.4278	38.6025	
68.2683	113.587	43.4278	38.6025	
68.0644	112.778	45.1823	40.162	
68.902	114.038	43.4278	38.6025	
68.8478	113.44	45.1823	40.162	
69.3451	114.143	44.2964	39.3745	
69.0668	113.095	46.0859	40.9653	
70.2173	113.574	44.2964	39.3745	
70.7541	114.968	43.4278	38.6025	
70.6829	114.781	44.2964	39.3745	
70.5686	114.433	45.1823	40.162	
71.2113	114.129	44.2964	39.3745	
71.3485	113.48	44.2964	39.3745	
71.4788	114.104	44.2964	39.3745	
71.8681	114.386	44.2964	39.3745	
72.1723	114.936	44.2964	39.3745	
71.413	113.529	46.0859	40.9653	
72.287	114.044	44.2964	39.3745	
72.0771	113.715	45.1823	40.162	
72.1837	113.896	45.1823	40.162	
72.6409	114.489	44.2964	39.3745	
72.2448	114.343	45.1823	40.162	
72.4514	114.343	45.1823	40.162	
73.2146	114.689	44.2964	39.3745	
73.2726	113.945	44.2964	39.3745	
73.125	114.466	44.2964	39.3745	
72.7285	116.162	45.1823	40.162	
72.9206	116.815	45.1823	40.162	
72.8446	116.758	45.1823	40.162	
73.2253	116.962	44.2964	39.3745	
73.1661	116.663	44.2964	39.3745	
73.2333	116.02	44.2964	39.3745	
72.6938	114.293	45.1823	40.162	
72.5651	112.029	45.1823	40.162	
72.7148	112.101	44.2964	39.3745	
72.4627	110.878	44.2964	39.3745	
72.216	110.774	44.2964	39.3745	
72.1335	110.344	44.2964	39.3745	
71.3715	110.23	45.1823	40.162	
71.0472	109.552	45.1823	40.162	
70.7949	109.632	45.1823	40.162	
70.7564	109.161	45.1823	40.162	
70.7182	108.818	45.1823	40.162	
70.4902	109.765	45.1823	40.162	
70.4896	109.559	45.1823	40.162	
70.2636	110.139	45.1823	40.162	
70.4333	109.987	44.2964	39.3745	
70.1732	110.238	44.2964	39.3745	
70.3046	110.913	44.2964	39.3745	
69.6685	110.352	45.1823	40.162	
69.8308	110.296	45.1823	40.162	
69.5644	110.012	45.1823	40.162	
69.4097	110.225	45.1823	40.162	
69.9533	110.215	44.2964	39.3745	
69.3364	109.614	45.1823	40.162	
68.5368	109.489	46.0859	40.9653	
68.659	108.54	46.0859	40.9653	
68.6501	109.21	46.0859	40.9653	
68.5547	108.842	46.0859	40.9653	
69.012	109.717	45.1823	40.162	
69.0871	109.927	45.1823	40.162	
68.9511	110.651	45.1823	40.162	
68.9608	110.365	45.1823	40.162	
69.0197	110.065	45.1823	40.162	
69.4554	109.9	44.2964	39.3745	
69.6493	110.689	43.4278	38.6025	
68.7376	109.827	45.1823	40.162	
68.8041	110.235	45.1823	40.162	
68.3231	110.331	45.1823	40.162	
68.2971	109.955	45.1823	40.162	
68.2971	109.955	45.1823	40.162	
68.1209	110.031	45.1823	40.162	
68.1147	109.911	45.1823	40.162	
68.1382	109.977	44.2964	39.3745	
67.5303	109.671	45.1823	40.162	
67.7093	110.355	44.2964	39.3745	
67.4609	110.125	44.2964	39.3745	
66.6396	108.569	45.1823	40.162	
66.3602	108.599	45.1823	40.162	
66.0579	108.679	45.1823	40.162	
66.474	109.333	44.2964	39.3745	
66.4146	109.129	44.2964	39.3745	
66.0002	108.863	44.2964	39.3745	
65.6958	108.623	45.1823	40.162	
65.7974	109.755	44.2964	39.3745	
65.7188	109.887	44.2964	39.3745	
65.2149	110.066	44.2964	39.3745	
65.1116	110.122	44.2964	39.3745	
64.8377	109.965	44.2964	39.3745	
64.6435	109.94	44.2964	39.3745	
63.8742	109.663	45.1823	40.162	
64.4976	110.633	43.4278	38.6025	
63.1602	109.931	45.1823	40.162	
63.478	110.631	44.2964	39.3745	
63.5266	110.818	43.4278	38.6025	
63.1397	110.447	44.2964	39.3745	
62.4477	110.266	45.1823	40.162	
62.8392	111.064	44.2964	39.3745	
62.8368	111.79	43.4278	38.6025	
62.662	111.91	43.4278	38.6025	
62.0616	111.458	44.2964	39.3745	
62.1985	112.042	43.4278	38.6025	
61.616	111.713	44.2964	39.3745	
61.5554	111.638	44.2964	39.3745	
62.2606	113.383	42.5763	37.8456	
61.6928	112.973	43.4278	38.6025	
61.2199	112.835	44.2964	39.3745	
61.0394	112.689	44.2964	39.3745	
61.2353	112.99	43.4278	38.6025	
60.8924	112.535	43.4278	38.6025	
61.0809	112.47	42.5763	37.8456	
60.1204	112.087	44.2964	39.3745	
60.0262	112.181	44.2964	39.3745	
59.7149	111.959	44.2964	39.3745	
59.828	112.669	43.4278	38.6025	
59.4339	112.828	43.4278	38.6025	
59.5087	113.332	43.4278	38.6025	
60.3308	112.858	41.7415	37.1035	
59.552	112.625	42.5763	37.8456	
59.1145	113.015	42.5763	37.8456	
59.1145	113.015	42.5763	37.8456	
59.2315	113.025	42.5763	37.8456	
59.5738	113.829	41.7415	37.1035	
58.9782	113.086	42.5763	37.8456	
59.471	113.058	41.7415	37.1035	
58.7564	112.088	42.5763	37.8456	
58.877	112.694	42.5763	37.8456	
58.7159	112.843	42.5763	37.8456	
59.0605	114.54	41.7415	37.1035	
58.951	114.613	41.7415	37.1035	
58.6228	113.84	42.5763	37.8456	
58.6665	113.357	41.7415	37.1035	
58.9853	112.849	41.7415	37.1035	
59.0078	114.656	40.923	36.376	
58.8167	113.812	41.7415	37.1035	
59.1596	114.154	40.923	36.376	
58.7721	113.288	41.7415	37.1035	
58.6561	112.925	41.7415	37.1035	
58.8389	113.613	41.7415	37.1035	
58.8647	114.021	41.7415	37.1035	
58.9075	114.695	41.7415	37.1035	
58.7739	114.882	41.7415	37.1035	
58.655	114.474	42.5763	37.8456	
59.0457	114.871	41.7415	37.1035	
59.0853	114.71	42.5763	37.8456	
59.5638	115.015	41.7415	37.1035	
59.7471	115.397	41.7415	37.1035	
60.2089	115.714	40.923	36.376	
60.2584	115.321	40.923	36.376	
60.2964	115.143	40.923	36.376	
60.2522	115.242	40.923	36.376	
60.4219	116.442	40.923	36.376	
60.4541	116.7	40.923	36.376	
60.5243	116.993	40.923	36.376	
61.3825	117.181	40.1206	35.6627	
61.4676	116.885	40.1206	35.6627	
60.9014	116.201	40.923	36.376	
61.5118	117.054	40.1206	35.6627	
60.9379	116.536	40.923	36.376	
60.6548	116.442	40.923	36.376	
60.7403	116.181	40.923	36.376	
60.5868	116.588	40.923	36.376	
60.5552	116.759	40.923	36.376	
60.5722	116.792	40.923	36.376	
61.2867	118.057	39.3339	34.9635	
60.2748	116.998	40.923	36.376	
60.8958	117.445	40.1206	35.6627	
60.5398	117.209	40.923	36.376	
61.134	117.592	40.1206	35.6627	
61.4118	118.609	39.3339	34.9635	
61.2187	118.503	40.1206	35.6627	
61.2999	118.503	40.1206	35.6627	
60.8475	117.307	40.1206	35.6627	
60.6	116.991	40.1206	35.6627	
60.0089	116.021	40.923	36.376	
59.8335	116.891	40.923	36.376	
60.5895	117.798	40.1206	35.6627	
59.9789	117.146	40.923	36.376	
60.6749	117.18	40.1206	35.6627	
60.9132	117.344	40.1206	35.6627	
60.9304	117.287	40.1206	35.6627	
60.408	116.97	40.923	36.376	
60.2453	117.316	40.923	36.376	
60.5065	117.3	40.923	36.376	
60.5657	117.304	40.923	36.376	
60.9824	117.036	40.923	36.376	
61.7023	117.156	40.1206	35.6627	
61.4211	117.13	40.923	36.376	
61.0485	117.281	41.7415	37.1035	
62.0529	117.984	40.923	36.376	
62.8815	118.164	40.1206	35.6627	
62.5068	117.169	40.923	36.376	
63.3128	117.524	40.1206	35.6627	
64.292	118.367	38.5626	34.2779	
64.099	117.865	40.1206	35.6627	
65.1369	118.738	38.5626	34.2779	
65.2927	118.796	38.5626	34.2779	
65.8879	119.097	39.3339	34.9635	
66.421	118.927	38.5626	34.2779	
66.8621	119.434	39.3339	34.9635	
67.5209	120.028	37.8065	33.6058	
67.6958	118.875	38.5626	34.2779	
67.9111	117.895	40.1206	35.6627	
68.8987	117.292	39.3339	34.9635	
68.8875	116.427	40.1206	35.6627	
69.8437	117.625	38.5626	34.2779	
70.0954	118.637	38.5626	34.2779	
70.7763	118.299	38.5626	34.2779	
71.1525	117.535	39.3339	34.9635	
71.6366	117.114	39.3339	34.9635	
72.2615	117.59	38.5626	34.2779	
72.7052	119.357	39.3339	34.9635	
73.3454	119.371	38.5626	34.2779	
73.9277	120.2	37.8065	33.6058	
74.3304	119.897	39.3339	34.9635	
74.7233	119.984	38.5626	34.2779	
75.5695	120.355	38.5626	34.2779	
75.9426	119.941	38.5626	34.2779	
76.4828	119.586	39.3339	34.9635	
77.5462	117.702	38.5626	34.2779	
77.5646	117.779	38.5626	34.2779	
77.8781	117.208	38.5626	34.2779	
78.3891	117.158	38.5626	34.2779	
78.5826	117.529	38.5626	34.2779	
79.1623	117.827	38.5626	34.2779	
80.2318	118.544	37.8065	33.6058	
80.7167	119.148	37.8065	33.6058	
80.8819	118.948	38.5626	34.2779	
81.6864	119.707	38.5626	34.2779	
82.1181	119.925	38.5626	34.2779	
82.7902	120.003	38.5626	34.2779	
83.469	119.543	38.5626	34.2779	
84.0601	118.573	39.3339	34.9635	
84.4574	117.731	40.1206	35.6627	
85.4895	117.748	39.3339	34.9635	
86.1962	117.71	39.3339	34.9635	
86.8312	118.178	38.5626	34.2779	
87.9605	118.807	37.8065	33.6058	
88.7082	119.466	37.8065	33.6058	
88.9059	119.05	38.5626	34.2779	
90.0833	119.221	37.8065	33.6058	
90.9487	119.534	37.8065	33.6058	
91.0981	118.765	38.5626	34.2779	
92.4126	118.538	37.8065	33.6058	
92.9699	117.175	37.8065	33.6058	
93.1076	115.66	38.5626	34.2779	
93.6878	115.179	38.5626	34.2779	
94.3932	115.901	38.5626	34.2779	
94.9706	116.417	38.5626	34.2779	
95.9774	117.515	37.8065	33.6058	
96.1067	117.481	38.5626	34.2779	
96.6395	118.078	38.5626	34.2779	
97.4827	118.448	38.5626	34.2779	
98.3177	119.54	37.8065	33.6058	
98.8269	119.737	37.8065	33.6058	
98.9986	118.93	38.5626	34.2779	
99.9422	119.487	37.8065	33.6058	
99.7767	118.851	38.5626	34.2779	
100.712	118.668	37.8065	33.6058	
100.694	119.431	38.5626	34.2779	
101.118	120.919	37.8065	33.6058	
102.199	121.485	37.0652	32.9469	
101.784	120.361	37.8065	33.6058	
101.933	120.263	37.8065	33.6058	
101.455	120.186	38.5626	34.2779	
101.759	121.403	37.8065	33.6058	
102.619	121.622	37.0652	32.9469	
103.137	120.494	36.3384	32.3008	
102.867	118.836	37.0652	32.9469	
102.831	118.662	37.0652	32.9469	
102.831	118.662	37.0652	32.9469	
102.734	118.503	37.0652	32.9469	
102.687	117.65	37.0652	32.9469	
102.669	117.348	37.0652	32.9469	
101.873	117.343	37.8065	33.6058	
101.525	117.563	37.8065	33.6058	
101.796	118.843	37.0652	32.9469	
101.624	119.481	37.0652	32.9469	
100.888	119.176	37.8065	33.6058	
101.098	119.265	37.0652	32.9469	
100.685	119.938	38.5626	34.2779	
101.478	126.928	37.0652	32.9469	
101.142	124.629	37.0652	32.9469	
100.841	124.782	37.0652	32.9469	
100.889	123.407	36.3384	32.3008	
100.089	118.293	37.0652	32.9469	
99.5469	117.141	37.0652	32.9469	
99.3835	118.566	37.0652	32.9469	
98.8904	119.291	37.0652	32.9469	
98.7959	118.443	37.0652	32.9469	
98.6372	118.301	37.0652	32.9469	
98.4903	118.195	37.0652	32.9469	
98.541	117.317	37.0652	32.9469	
98.4907	116.502	37.0652	32.9469	
97.5586	116.346	37.8065	33.6058	
98.254	117.129	37.0652	32.9469	
98.0306	116.754	37.0652	32.9469	
97.889	116.805	37.0652	32.9469	
97.8063	116.613	37.0652	32.9469	
97.6475	116.754	37.0652	32.9469	
97.4981	116.701	37.0652	32.9469	
97.5701	116.381	37.0652	32.9469	
97.2768	116.267	37.0652	32.9469	
97.1134	118.114	37.0652	32.9469	
97.0123	118.049	37.0652	32.9469	
96.7223	117.915	37.0652	32.9469	
96.788	117.198	37.0652	32.9469	
96.6369	116.692	37.0652	32.9469	
96.6895	117.156	37.0652	32.9469	
96.3881	117.81	37.0652	32.9469	
95.6486	117.446	37.8065	33.6058	
95.473	117.376	37.8065	33.6058	
96.2311	118.379	37.0652	32.9469	
95.3874	118.417	37.8065	33.6058	
96.0355	119.228	37.0652	32.9469	
95.7917	118.765	37.0652	32.9469	
95.7734	118.681	37.0652	32.9469	
96.0326	118.102	37.0652	32.9469	
96.0777	118.29	37.0652	32.9469	
95.379	118.367	37.8065	33.6058	
95.4507	118.528	37.8065	33.6058	
95.0021	118.078	38.5626	34.2779	
95.0286	118.173	38.5626	34.2779	
95.6207	118.686	37.8065	33.6058	
96.2886	119.195	37.0652	32.9469	
95.3339	118.47	38.5626	34.2779	
95.8854	118.414	37.8065	33.6058	
95.6617	118.299	38.5626	34.2779	
96.4994	118.602	37.0652	32.9469	
96.7997	118.284	37.0652	32.9469	
96.8318	117.716	37.0652	32.9469	
96.854	118.024	37.0652	32.9469	
96.8901	117.857	37.0652	32.9469	
96.2872	117.505	37.8065	33.6058	
96.5305	117.329	37.8065	33.6058	
96.6981	117.985	37.8065	33.6058	
96.6767	117.941	37.8065	33.6058	
96.9668	118.259	37.8065	33.6058	
96.732	117.99	38.5626	34.2779	
96.941	118.041	38.5626	34.2779	
97.6384	118.268	37.8065	33.6058	
97.0741	117.406	39.3339	34.9635	
97.3937	116.525	39.3339	34.9635	
97.6525	115.987	39.3339	34.9635	
98.4339	116.658	37.8065	33.6058	
98.5883	116.527	37.8065	33.6058	
98.3841	116.61	38.5626	34.2779	
99.0444	117.938	37.8065	33.6058	
98.9004	117.586	38.5626	34.2779	
99.4226	117.518	38.5626	34.2779	
99.6043	117.344	38.5626	34.2779	
99.763	116.986	38.5626	34.2779	
100.228	117.504	38.5626	34.2779	
100.376	117.206	38.5626	34.2779	
100.444	117.153	38.5626	34.2779	
100.449	116.774	39.3339	34.9635	
100.653	116.255	39.3339	34.9635	
101.159	116.304	38.5626	34.2779	
101.122	116.083	38.5626	34.2779	
101.163	116.369	38.5626	34.2779	
101.354	116.707	38.5626	34.2779	
101.28	116.97	38.5626	34.2779	
101.333	116.68	39.3339	34.9635	
101.488	117.273	38.5626	34.2779	
101.271	117.574	38.5626	34.2779	
101.398	118.175	38.5626	34.2779	
101.362	118.405	38.5626	34.2779	
101.063	117.631	40.1206	35.6627	
101.568	117.236	39.3339	34.9635	
101.909	117.429	39.3339	34.9635	
101.909	117.429	39.3339	34.9635	
101.918	118.009	38.5626	34.2779	
101.821	117.727	40.1206	35.6627	
101.955	117.697	40.1206	35.6627	
102.229	117.391	40.1206	35.6627	
102.74	116.82	39.3339	34.9635	
102.532	116.498	40.1206	35.6627	
102.644	116.554	40.1206	35.6627	
102.192	116.318	40.923	36.376	
102.132	116.409	40.923	36.376	
102.18	116.603	40.923	36.376	
101.947	116.248	41.7415	37.1035	
102.512	117.464	40.923	36.376	
102.533	117.472	40.923	36.376	
102.755	117.219	40.923	36.376	
103.05	117.234	40.923	36.376	
103.148	117.505	40.923	36.376	
103.282	118.036	40.923	36.376	
103.019	117.552	41.7415	37.1035	
104.396	118.405	40.1206	35.6627	
104.554	118.323	40.1206	35.6627	
103.599	117.457	41.7415	37.1035	
104.15	117.948	40.923	36.376	
104.288	118.733	40.923	36.376	
103.711	117.937	41.7415	37.1035	
104.422	118.148	40.923	36.376	
105.214	118.4	40.1206	35.6627	
105.361	117.612	40.1206	35.6627	
105.381	118.1	40.1206	35.6627	
105.241	118.754	40.1206	35.6627	
104.604	118.032	40.923	36.376	
105.148	118.296	40.1206	35.6627	
105.101	118.331	40.1206	35.6627	
105.095	118.301	40.1206	35.6627	
104.976	118.592	40.1206	35.6627	
104.698	118.163	40.1206	35.6627	
103.451	117.006	41.7415	37.1035	
102.861	116.646	42.5763	37.8456	
102.726	116.587	42.5763	37.8456	
102.591	116.562	42.5763	37.8456	
102.345	116.392	42.5763	37.8456	
102.506	116.759	41.7415	37.1035	
102.302	116.777	41.7415	37.1035	
102.278	116.578	41.7415	37.1035	
103.043	116.89	40.1206	35.6627	
101.989	116.54	41.7415	37.1035	
101.36	116.634	42.5763	37.8456	
101.728	117.245	41.7415	37.1035	
101.563	116.371	41.7415	37.1035	
101.631	116.387	41.7415	37.1035	
101.631	116.387	41.7415	37.1035	
101.438	116.932	41.7415	37.1035	
101.442	116.596	41.7415	37.1035	
100.951	115.954	42.5763	37.8456	
100.858	115.44	42.5763	37.8456	
101.355	116.049	41.7415	37.1035	
100.849	115.77	42.5763	37.8456	
100.336	115.223	43.4278	38.6025	
100.985	117.089	41.7415	37.1035	
100.274	116.175	43.4278	38.6025	
99.9842	115.901	43.4278	38.6025	
99.4978	114.881	44.2964	39.3745	
100.01	115.09	43.4278	38.6025	
99.7934	115.894	43.4278	38.6025	
99.7389	115.945	43.4278	38.6025	
99.8807	115.998	42.5763	37.8456	
99.5443	115.187	43.4278	38.6025	
99.5959	115.405	43.4278	38.6025	
99.588	115.618	43.4278	38.6025	
99.7338	115.666	43.4278	38.6025	
99.2845	114.746	44.2964	39.3745	
99.4892	114.88	44.2964	39.3745	
99.4224	114.871	44.2964	39.3745	
99.8248	116.045	43.4278	38.6025	
99.8123	116.058	43.4278	38.6025	
99.6449	116.886	43.4278	38.6025	
98.9339	116.92	45.1823	40.162	
99.3088	117.674	44.2964	39.3745	
99.2759	117.903	44.2964	39.3745	
99.7482	118.537	43.4278	38.6025	
99.3772	118.255	44.2964	39.3745	
99.0255	117.209	45.1823	40.162	
99.2454	117.421	44.2964	39.3745	
99.5151	117.682	43.4278	38.6025	
99.1989	117.582	44.2964	39.3745	
99.3701	119.078	43.4278	38.6025	
99.2696	119.278	43.4278	38.6025	
98.0854	118.395	45.1823	40.162	
98.0919	118.701	45.1823	40.162	
97.6598	117.979	46.0859	40.9653	
98.0066	118.25	45.1823	40.162	
97.9145	117.603	45.1823	40.162	
98.2487	117.682	44.2964	39.3745	
97.9489	117.162	45.1823	40.162	
97.7143	117.161	45.1823	40.162	
97.1867	117.096	46.0859	40.9653	
97.6277	117.385	45.1823	40.162	
96.9082	117.58	46.0859	40.9653	
96.7264	117.782	46.0859	40.9653	
96.5898	117.354	46.0859	40.9653	
96.4096	116.9	46.0859	40.9653	
96.3739	117.684	46.0859	40.9653	
96.2557	118.062	46.0859	40.9653	
96.3067	118.402	46.0859	40.9653	
96.1073	118.025	46.0859	40.9653	
96.2715	117.666	46.0859	40.9653	
96.1986	117.942	46.0859	40.9653	
96.1374	118.14	46.0859	40.9653	
95.9094	118.138	46.0859	40.9653	
95.7593	118.099	46.0859	40.9653	
95.7118	117.884	46.0859	40.9653	
95.1506	116.759	47.9478	42.6203	
95.7999	117.574	46.0859	40.9653	
94.6854	116.914	47.9478	42.6203	
94.9929	117.636	47.0077	41.7846	
94.7906	117.635	47.0077	41.7846	
95.132	117.708	46.0859	40.9653	
94.6727	117.424	47.0077	41.7846	
94.5249	117.213	47.0077	41.7846	
94.2453	117.573	47.0077	41.7846	
94.1157	117.207	47.0077	41.7846	
93.7911	116.706	47.9478	42.6203	
93.7625	116.398	47.9478	42.6203	
93.7055	116.542	47.0077	41.7846	
93.4848	115.826	47.9478	42.6203	
93.6004	116.467	47.0077	41.7846	
93.3388	116.5	47.0077	41.7846	
93.2618	116.521	47.0077	41.7846	
93.3941	117.315	46.0859	40.9653	
92.6901	115.84	47.9478	42.6203	
92.8594	116.467	47.0077	41.7846	
92.6552	117.028	47.0077	41.7846	
91.8838	116.526	48.9068	43.4727	
92.1575	116.337	47.9478	42.6203	
91.4801	115.74	48.9068	43.4727	
90.4541	115.465	49.8849	44.3421	
91.1252	117	48.9068	43.4727	
90.9694	116.694	48.9068	43.4727	
90.9015	116.802	48.9068	43.4727	
90.7767	116.191	48.9068	43.4727	
90.6922	116.58	48.9068	43.4727	
90.6838	117.225	48.9068	43.4727	
90.0061	116.512	49.8849	44.3421	
89.8376	116.864	49.8849	44.3421	
89.9312	117.008	49.8849	44.3421	
90.0577	117.165	49.8849	44.3421	
91.0308	117.413	48.9068	43.4727	
90.2041	116.748	50.8826	45.229	
90.8229	117.055	49.8849	44.3421	
90.9611	117.058	49.8849	44.3421	
90.6776	115.402	51.9002	46.1336	
91.7767	115.247	49.8849	44.3421	
91.9175	115.293	49.8849	44.3421	
92.1582	116.374	49.8849	44.3421	
92.4039	116.257	50.8826	45.229	
92.529	116.517	50.8826	45.229	
92.7613	117.005	50.8826	45.229	
93.807	117.047	49.8849	44.3421	
93.9988	117.087	49.8849	44.3421	
93.9563	116.599	50.8826	45.229	
94.7944	117.023	49.8849	44.3421	
94.5657	116.114	51.9002	46.1336	
95.2711	116.084	51.9002	46.1336	
95.4625	115.971	51.9002	46.1336	
95.9555	116.128	51.9002	46.1336	
96.5202	116.731	50.8826	45.229	
95.868	115.687	52.9383	47.0562	
96.1907	115.129	53.997	47.9973	
97.8806	116.067	51.9002	46.1336	
98.2822	116.454	51.9002	46.1336	
99.0057	116.649	50.8826	45.229	
99.3853	116.682	50.8826	45.229	
98.6464	114.99	52.9383	47.0562	
100.006	116.149	51.9002	46.1336	
100.36	116.237	51.9002	46.1336	
101.021	116.597	50.8826	45.229	
101.075	116.333	51.9002	46.1336	
101.778	117.017	50.8826	45.229	
102.079	116.616	50.8826	45.229	
102.144	116.399	51.9002	46.1336	
101.453	114.808	53.997	47.9973	
102.875	115.413	51.9002	46.1336	
102.106	115.127	52.9383	47.0562	
102.275	115.089	52.9383	47.0562	
102.78	114.828	52.9383	47.0562	
103.779	115.509	51.9002	46.1336	
103.265	115.219	52.9383	47.0562	
103.478	115.461	52.9383	47.0562	
103.929	115.143	52.9383	47.0562	
104.304	114.83	52.9383	47.0562	
104.37	115.101	52.9383	47.0562	
104.738	114.908	52.9383	47.0562	
105.257	114.804	52.9383	47.0562	
105.316	114.875	52.9383	47.0562	
105.655	115.063	52.9383	47.0562	
106.233	115.439	52.9383	47.0562	
106.326	115.481	52.9383	47.0562	
106.585	115.534	52.9383	47.0562	
107.07	116.4	52.9383	47.0562	
107.395	117.559	52.9383	47.0562	
107.412	118.122	52.9383	47.0562	
107.572	117.91	52.9383	47.0562	
107.969	117.479	52.9383	47.0562	
108.298	117.875	52.9383	47.0562	
108.381	117.621	52.9383	47.0562	
107.733	116.573	55.077	48.9573	
108.985	116.5	53.997	47.9973	
108.174	115.476	55.077	48.9573	
108.284	115.687	55.077	48.9573	
107.954	114.864	56.1785	49.9364	
109.486	115.077	53.997	47.9973	
109.397	114.552	53.997	47.9973	
108.998	113.498	55.077	48.9573	
109.251	113.874	53.997	47.9973	
109.056	113.788	53.997	47.9973	
109.051	113.862	53.997	47.9973	
108.872	113.855	53.997	47.9973	
108.404	114.043	53.997	47.9973	
108.386	114.07	53.997	47.9973	
107.977	114.215	53.997	47.9973	
107.362	115.098	53.997	47.9973	
106.091	115.465	55.077	48.9573	
106.697	116.035	53.997	47.9973	
105.625	115.681	55.077	48.9573	
106.215	115.941	53.997	47.9973	
105.903	115.505	53.997	47.9973	
104.37	114.809	56.1785	49.9364	
104.714	114.799	55.077	48.9573	
105.029	115.121	53.997	47.9973	
104.739	115.595	53.997	47.9973	
103.892	114.407	55.077	48.9573	
103.791	115.009	55.077	48.9573	
103.645	115.064	55.077	48.9573	
104.259	116.483	53.997	47.9973	
104.103	116.576	53.997	47.9973	
103.703	115.764	55.077	48.9573	
103.231	114.621	56.1785	49.9364	
104.567	114.631	53.997	47.9973	
104.504	114.725	53.997	47.9973	
103.774	113.633	55.077	48.9573	
104.089	113.621	55.077	48.9573	
104.076	113.424	55.077	48.9573	
103.918	113.147	55.077	48.9573	
104.14	113.608	55.077	48.9573	
104.52	113.744	55.077	48.9573	
105.047	113.354	55.077	48.9573	
104.78	113.072	56.1785	49.9364	
105.492	113.494	55.077	48.9573	
107.103	114.551	53.997	47.9973	
106.503	113.654	55.077	48.9573	
106.776	113.449	55.077	48.9573	
106.789	113.286	55.077	48.9573	
107.38	114.56	55.077	48.9573	
107.461	115.785	55.077	48.9573	
107.91	117.106	55.077	48.9573	
107.861	117.009	56.1785	49.9364	
107.651	115.051	57.3021	50.9352	
109.109	115.536	55.077	48.9573	
108.887	114.216	56.1785	49.9364	
108.175	111.746	58.4481	51.9539	
109.41	111.766	56.1785	49.9364	
110.536	111.678	53.997	47.9973	
109.641	111.04	55.077	48.9573	
109.835	111.23	55.077	48.9573	
109.874	111.117	55.077	48.9573	
109.909	111.323	55.077	48.9573	
110.082	111.372	55.077	48.9573	
110.194	111.62	55.077	48.9573	
109.709	111.592	56.1785	49.9364	
110.068	112.214	55.077	48.9573	
110.458	112.296	55.077	48.9573	
109.396	111.346	57.3021	50.9352	
110.791	112.827	55.077	48.9573	
110.854	113.648	55.077	48.9573	
110.601	114.481	55.077	48.9573	
110.579	114.106	55.077	48.9573	
110.809	113.757	55.077	48.9573	
110.315	113.069	56.1785	49.9364	
110.505	112.654	56.1785	49.9364	
110.156	112.708	56.1785	49.9364	
109.493	111.523	57.3021	50.9352	
109.981	111.213	56.1785	49.9364	
109.735	111.376	56.1785	49.9364	
109.099	111.714	56.1785	49.9364	
108.837	111.573	56.1785	49.9364	
109.522	111.877	53.997	47.9973	
108.496	110.828	55.077	48.9573	
108.11	110.809	55.077	48.9573	
107.507	110.963	55.077	48.9573	
107.991	112.521	53.997	47.9973	
107.197	112.826	53.997	47.9973	
105.996	112.255	56.1785	49.9364	
106.705	114.77	53.997	47.9973	
105.416	114.786	55.077	48.9573	
104.823	115.381	55.077	48.9573	
104.689	114.914	55.077	48.9573	
105.278	115.187	53.997	47.9973	
104.999	115.13	53.997	47.9973	
103.736	114.498	55.077	48.9573	
104.329	115.163	53.997	47.9973	
103.137	113.057	56.1785	49.9364	
102.838	112.946	56.1785	49.9364	
102.94	113.597	55.077	48.9573	
102.656	114.07	55.077	48.9573	
103.162	114.52	53.997	47.9973	
102.651	114.214	55.077	48.9573	
103.606	116.238	52.9383	47.0562	
103.102	116.899	53.997	47.9973	
103.028	116.837	53.997	47.9973	
103.154	117.661	53.997	47.9973	
102.193	116.729	55.077	48.9573	
102.842	116.838	53.997	47.9973	
101.954	115.954	55.077	48.9573	
102.098	115.568	55.077	48.9573	
102.806	114.542	52.9383	47.0562	
102.578	115.083	53.997	47.9973	
101.841	114.873	55.077	48.9573	
102.6	116.732	53.997	47.9973	
102.591	117.089	53.997	47.9973	
101.923	117.225	55.077	48.9573	
102.923	117.806	52.9383	47.0562	
102.954	118.303	52.9383	47.0562	
103.083	118.072	52.9383	47.0562	
103.084	117.632	52.9383	47.0562	
103.289	117.58	52.9383	47.0562	
103.287	117.588	52.9383	47.0562	
103.218	117.394	52.9383	47.0562	
103.057	117.257	52.9383	47.0562	
102.32	116.182	55.077	48.9573	
103.191	118.019	52.9383	47.0562	
103.107	118.269	52.9383	47.0562	
103.185	117.534	52.9383	47.0562	
104.063	117.869	51.9002	46.1336	
103.036	116.879	53.997	47.9973	
104.173	118.607	51.9002	46.1336	
104.028	119.9	51.9002	46.1336	
103.762	120.094	51.9002	46.1336	
103.819	119.705	51.9002	46.1336	
102.928	118.652	52.9383	47.0562	
102.892	118.447	52.9383	47.0562	
102.777	118.665	52.9383	47.0562	
103.5	119.779	51.9002	46.1336	
103.561	119.856	51.9002	46.1336	
103.689	119.16	51.9002	46.1336	
103.546	118.803	51.9002	46.1336	
103.5	117.887	51.9002	46.1336	
103.378	118	51.9002	46.1336	
102.512	117.529	52.9383	47.0562	
102.198	117.678	52.9383	47.0562	
102.041	117.628	52.9383	47.0562	
101.795	117.276	53.997	47.9973	
102.762	117.931	51.9002	46.1336	
102.967	118.395	50.8826	45.229	
102.604	118.455	51.9002	46.1336	
101.588	117.513	52.9383	47.0562	
102.353	118.544	51.9002	46.1336	
102.235	118.44	51.9002	46.1336	
102.238	118.386	51.9002	46.1336	
101.969	118.384	51.9002	46.1336	
101.431	118.51	51.9002	46.1336	
101.569	118.382	51.9002	46.1336	
101.399	118.648	51.9002	46.1336	
101.154	118.153	51.9002	46.1336	
100.924	118.224	51.9002	46.1336	
100.621	118.595	51.9002	46.1336	
99.4626	117.786	52.9383	47.0562	
100.278	118.515	50.8826	45.229	
99.8729	118.145	51.9002	46.1336	
99.7543	117.719	51.9002	46.1336	
99.8866	117.761	50.8826	45.229	
99.8665	117.83	50.8826	45.229	
100.042	118.359	49.8849	44.3421	
99.5659	117.788	50.8826	45.229	
99.405	117.584	51.9002	46.1336	
99.4448	117.364	51.9002	46.1336	
99.5234	117.139	51.9002	46.1336	
99.6022	117.013	51.9002	46.1336	
99.5104	117.229	51.9002	46.1336	
100.013	117.742	50.8826	45.229	
100.006	117.524	50.8826	45.229	
100.023	117.618	50.8826	45.229	
100.023	117.889	50.8826	45.229	
100.175	118.768	50.8826	45.229	
100.248	118.801	50.8826	45.229	
100.262	118.028	51.9002	46.1336	
100.583	117.623	51.9002	46.1336	
101.447	117.855	49.8849	44.3421	
101.172	117.432	50.8826	45.229	
101.249	117.73	50.8826	45.229	
101.458	117.812	50.8826	45.229	
101.598	117.828	50.8826	45.229	
102.341	118.547	49.8849	44.3421	
102.267	117.944	50.8826	45.229	
102.711	118.224	49.8849	44.3421	
102.622	117.862	50.8826	45.229	
103.091	117.543	50.8826	45.229	
103.053	116.617	51.9002	46.1336	
103.536	116.156	51.9002	46.1336	
103.891	115.902	51.9002	46.1336	
104.592	116.912	49.8849	44.3421	
104.482	116.69	50.8826	45.229	
104.451	115.793	51.9002	46.1336	
104.986	114.815	51.9002	46.1336	
105.839	115.458	49.8849	44.3421	
106.074	115.793	49.8849	44.3421	
106.279	115.598	50.8826	45.229	
106.868	116.392	49.8849	44.3421	
106.883	115.791	50.8826	45.229	
107.855	116.575	49.8849	44.3421	
107.718	115.9	50.8826	45.229	
108.535	116.455	49.8849	44.3421	
108.696	116.945	49.8849	44.3421	
109.254	116.824	49.8849	44.3421	
109.546	116.264	49.8849	44.3421	
109.315	115.73	50.8826	45.229	
109.902	115.755	49.8849	44.3421	
110.274	116.396	49.8849	44.3421	
110.439	116.804	49.8849	44.3421	
110.419	116.683	49.8849	44.3421	
110.628	116.624	49.8849	44.3421	
110.71	117.016	49.8849	44.3421	
110.444	117.527	50.8826	45.229	
110.939	118.264	49.8849	44.3421	
110.56	118.087	50.8826	45.229	
111.393	118.189	49.8849	44.3421	
111.374	118.52	49.8849	44.3421	
111.454	118.108	49.8849	44.3421	
111.486	118.521	49.8849	44.3421	
111.463	118.643	49.8849	44.3421	
111.538	118.254	49.8849	44.3421	
111.636	118.29	49.8849	44.3421	
111.516	118.326	49.8849	44.3421	
111.121	117.722	50.8826	45.229	
111.136	118.518	50.8826	45.229	
111.475	119.562	49.8849	44.3421	
111.472	119.054	49.8849	44.3421	
111.454	118.928	49.8849	44.3421	
111.089	118.285	50.8826	45.229	
111.518	118.283	49.8849	44.3421	
111.497	117.884	49.8849	44.3421	
111.282	118.523	49.8849	44.3421	
111.34	118.076	49.8849	44.3421	
111.287	118.578	49.8849	44.3421	
110.58	118.082	50.8826	45.229	
111.052	118.155	49.8849	44.3421	
110.791	117.834	49.8849	44.3421	
110.74	117.752	49.8849	44.3421	
110.578	118.128	49.8849	44.3421	
110.384	118.022	49.8849	44.3421	
110.302	118.259	49.8849	44.3421	
110.039	118.333	49.8849	44.3421	
109.86	118.887	49.8849	44.3421	
109.671	118.272	49.8849	44.3421	
108.893	116.804	51.9002	46.1336	
109.597	116.676	49.8849	44.3421	
109.32	116.512	49.8849	44.3421	
109.349	116.585	49.8849	44.3421	
109.024	116.569	49.8849	44.3421	
108.82	116.283	49.8849	44.3421	
108.871	115.923	49.8849	44.3421	
108.584	116.385	49.8849	44.3421	
108.402	115.478	49.8849	44.3421	
108.265	115.319	49.8849	44.3421	
108.259	115.555	49.8849	44.3421	
107.751	114.96	50.8826	45.229	
108.029	115.013	49.8849	44.3421	
107.205	114.866	50.8826	45.229	
107.583	115.513	49.8849	44.3421	
107.079	114.753	50.8826	45.229	
107.253	115.319	49.8849	44.3421	
107.106	114.626	49.8849	44.3421	
106.489	114.039	50.8826	45.229	
106.222	113.747	50.8826	45.229	
106.619	113.795	49.8849	44.3421	
106.302	113.484	49.8849	44.3421	
106.175	113.183	49.8849	44.3421	
106.265	112.711	49.8849	44.3421	
106.094	112.672	49.8849	44.3421	
105.522	112.154	50.8826	45.229	
105.543	112.621	49.8849	44.3421	
105.765	112.388	49.8849	44.3421	
105.117	111.542	50.8826	45.229	
105.376	112.381	49.8849	44.3421	
104.766	111.921	50.8826	45.229	
105.185	112.602	49.8849	44.3421	
105.112	113.558	49.8849	44.3421	
104.617	112.656	50.8826	45.229	
105.035	113.029	49.8849	44.3421	
104.822	112.577	49.8849	44.3421	
104.54	112.53	49.8849	44.3421	
104.253	111.725	50.8826	45.229	
104.67	111.577	49.8849	44.3421	
104.399	110.841	49.8849	44.3421	
103.781	109.877	51.9002	46.1336	
103.839	109.507	50.8826	45.229	
103.689	109.841	50.8826	45.229	
103.224	109.542	51.9002	46.1336	
103.817	110.461	49.8849	44.3421	
103.358	110.226	49.8849	44.3421	
102.546	109.187	51.9002	46.1336	
103.035	110.62	49.8849	44.3421	
102.387	110.382	49.8849	44.3421	
102.238	110.658	49.8849	44.3421	
101.535	109.719	50.8826	45.229	
101.433	110.331	49.8849	44.3421	
101.403	111.467	49.8849	44.3421	
100.502	111.431	50.8826	45.229	
100.424	112.678	49.8849	44.3421	
99.7083	112.426	50.8826	45.229	
99.6427	112.865	50.8826	45.229	
99.7725	113.71	49.8849	44.3421	
99.3767	114.715	49.8849	44.3421	
98.1669	114.739	51.9002	46.1336	
98.5317	116.247	49.8849	44.3421	
97.6783	115.91	50.8826	45.229	
97.7228	116.508	49.8849	44.3421	
97.2581	116.623	49.8849	44.3421	
97.0649	117.317	49.8849	44.3421	
96.1466	117.364	51.9002	46.1336	
95.6354	117.767	51.9002	46.1336	
95.1284	117.425	51.9002	46.1336	
94.8355	117.131	51.9002	46.1336	
94.6435	117.862	50.8826	45.229	
93.9817	117.828	51.9002	46.1336	
93.3518	117.187	51.9002	46.1336	
93.1062	116.878	51.9002	46.1336	
93.5019	117.575	49.8849	44.3421	
92.6483	116.785	50.8826	45.229	
92.3876	116.947	50.8826	45.229	
91.8428	116.943	50.8826	45.229	
91.4989	116.207	51.9002	46.1336	
91.3105	116.088	51.9002	46.1336	
91.1009	114.893	51.9002	46.1336	
90.8105	114.272	51.9002	46.1336	
90.48	113.943	51.9002	46.1336	
90.4371	113.804	51.9002	46.1336	
90.0499	113.28	51.9002	46.1336	
89.7402	112.889	51.9002	46.1336	
89.4772	112.192	51.9002	46.1336	
88.4186	111.822	52.9383	47.0562	
89.21	112.527	50.8826	45.229	
88.8149	111.922	51.9002	46.1336	
89.1727	112.257	49.8849	44.3421	
88.3418	111.303	51.9002	46.1336	
88.5939	111.933	50.8826	45.229	
88.5521	112.297	49.8849	44.3421	
87.9447	112.391	50.8826	45.229	
87.4408	112.437	51.9002	46.1336	
87.3581	112.402	51.9002	46.1336	
87.3284	111.788	51.9002	46.1336	
87.0296	111.683	51.9002	46.1336	
86.8751	112.41	50.8826	45.229	
86.8306	112.86	50.8826	45.229	
85.5292	111.504	52.9383	47.0562	
85.9085	111.749	51.9002	46.1336	
86.0216	112.313	50.8826	45.229	
85.6615	112.883	51.9002	46.1336	
85.4559	112.424	51.9002	46.1336	
85.3187	111.632	51.9002	46.1336	
85.1336	111.368	51.9002	46.1336	
85.2101	110.775	51.9002	46.1336	
85.2629	110.651	50.8826	45.229	
84.8509	110.873	50.8826	45.229	
84.6694	110.529	50.8826	45.229	
84.3611	110.553	51.9002	46.1336	
84.3327	110.193	51.9002	46.1336	
84.4691	110.479	50.8826	45.229	
83.9233	110.991	50.8826	45.229	
83.8143	111.519	51.9002	46.1336	
84.0187	111.885	50.8826	45.229	
84.2086	112.337	49.8849	44.3421	
83.5363	111.303	51.9002	46.1336	
83.8675	111.763	50.8826	45.229	
84.2105	112.413	49.8849	44.3421	
84.2059	112.834	49.8849	44.3421	
83.6727	111.78	51.9002	46.1336	
84.1623	112.498	49.8849	44.3421	
83.8588	112.177	50.8826	45.229	
84.1253	112.712	49.8849	44.3421	
83.8592	112.687	50.8826	45.229	
83.975	112.667	50.8826	45.229	
83.8593	113.141	50.8826	45.229	
84.326	113.973	49.8849	44.3421	
84.209	113.824	50.8826	45.229	
84.6141	114.541	49.8849	44.3421	
84.1537	115.094	51.9002	46.1336	
84.6809	115.766	50.8826	45.229	
84.6106	115.248	51.9002	46.1336	
84.8068	114.554	51.9002	46.1336	
85.0939	114.505	50.8826	45.229	
84.9924	114.93	50.8826	45.229	
85.0883	115.051	50.8826	45.229	
85.4575	115.865	49.8849	44.3421	
85.0567	115.536	50.8826	45.229	
85.0294	115.755	50.8826	45.229	
85.0975	116.098	50.8826	45.229	
85.1768	115.601	50.8826	45.229	
84.6967	115.222	51.9002	46.1336	
84.6255	115.305	51.9002	46.1336	
84.8391	115.804	50.8826	45.229	
84.235	115.117	51.9002	46.1336	
84.159	115.195	51.9002	46.1336	
84.037	115.722	51.9002	46.1336	
84.1243	115.809	50.8826	45.229	
83.9345	115.718	50.8826	45.229	
83.5309	115.502	51.9002	46.1336	
83.3985	115.557	51.9002	46.1336	
83.3738	115.523	51.9002	46.1336	
83.7183	115.74	50.8826	45.229	
83.1933	115.686	51.9002	46.1336	
83.2824	115.918	51.9002	46.1336	
83.8387	116.548	49.8849	44.3421	
83.7269	116.515	49.8849	44.3421	
83.1483	116.4	50.8826	45.229	
83.0212	116.693	50.8826	45.229	
83.2611	116.33	50.8826	45.229	
82.7492	115.387	51.9002	46.1336	
82.8821	114.873	51.9002	46.1336	
82.8958	114.379	51.9002	46.1336	
83.0208	114.632	50.8826	45.229	
81.8031	114.158	52.9383	47.0562	
82.8911	115.035	50.8826	45.229	
82.6948	114.44	51.9002	46.1336	
82.7939	115.085	50.8826	45.229	
82.7207	115.721	51.9002	46.1336	
82.9707	115.863	50.8826	45.229	
82.6892	115.334	51.9002	46.1336	
82.5701	115.066	51.9002	46.1336	
82.7573	114.684	51.9002	46.1336	
82.7669	113.807	51.9002	46.1336	
82.4238	112.955	51.9002	46.1336	
82.3791	113.169	51.9002	46.1336	
82.5305	113.51	51.9002	46.1336	
82.4817	113.688	51.9002	46.1336	
82.5793	113.676	51.9002	46.1336	
81.6138	112.604	52.9383	47.0562	
82.735	112.946	51.9002	46.1336	
82.7209	113.371	51.9002	46.1336	
82.9596	113.712	50.8826	45.229	
82.7506	112.903	51.9002	46.1336	
82.7825	112.281	51.9002	46.1336	
82.9435	112.335	51.9002	46.1336	
82.9204	112.258	51.9002	46.1336	
81.9658	112.6	52.9383	47.0562	
83.2117	113.665	50.8826	45.229	
83.4004	113.571	50.8826	45.229	
83.0655	113.61	51.9002	46.1336	
83.5061	113.576	51.9002	46.1336	
83.8343	113.919	50.8826	45.229	
83.5696	113.374	51.9002	46.1336	
83.5313	113.228	51.9002	46.1336	
83.5786	113.29	51.9002	46.1336	
83.6741	112.739	51.9002	46.1336	
83.5183	112.444	51.9002	46.1336	
83.4228	112.166	51.9002	46.1336	
83.1875	112.595	51.9002	46.1336	
83.2927	112.789	51.9002	46.1336	
82.9513	112.562	51.9002	46.1336	
82.6637	111.624	51.9002	46.1336	
81.4288	111.131	52.9383	47.0562	
81.9077	112.429	51.9002	46.1336	
82.1304	112.927	50.8826	45.229	
81.4882	112.498	51.9002	46.1336	
81.1572	112.463	51.9002	46.1336	
80.9754	112.531	51.9002	46.1336	
80.5934	112.472	51.9002	46.1336	
80.425	112.634	51.9002	46.1336	
80.142	111.838	51.9002	46.1336	
78.7083	111.377	52.9383	47.0562	
79.3755	111.911	51.9002	46.1336	
79.1867	111.976	50.8826	45.229	
78.4018	111.409	51.9002	46.1336	
78.0365	111.98	51.9002	46.1336	
77.6772	112.005	51.9002	46.1336	
77.461	111.973	51.9002	46.1336	
77.1075	112.487	51.9002	46.1336	
75.7425	112.049	52.9383	47.0562	
75.4381	112.487	52.9383	47.0562	
75.7595	113.5	51.9002	46.1336	
75.6288	112.772	51.9002	46.1336	
75.3355	112.286	51.9002	46.1336	
74.082	112.053	52.9383	47.0562	
73.6875	111.88	52.9383	47.0562	
73.6338	112.117	52.9383	47.0562	
73.9525	112.592	51.9002	46.1336	
73.5338	112.486	51.9002	46.1336	
73.4418	112.291	51.9002	46.1336	
73.1863	112.377	51.9002	46.1336	
72.7554	112.46	51.9002	46.1336	
72.2508	112.34	51.9002	46.1336	
71.8661	112.902	51.9002	46.1336	
71.2337	112.399	51.9002	46.1336	
70.961	111.9	51.9002	46.1336	
68.9111	111.175	53.997	47.9973	
68.6631	111.76	52.9383	47.0562	
69.0172	112.807	51.9002	46.1336	
67.1096	111.738	53.997	47.9973	
67.7981	112.425	51.9002	46.1336	
65.9681	112.097	53.997	47.9973	
66.3785	113.287	51.9002	46.1336	
66.024	113.02	51.9002	46.1336	
64.0763	112.128	53.997	47.9973	
64.5398	113.4	51.9002	46.1336	
63.9699	113.587	51.9002	46.1336	
61.9954	111.987	53.997	47.9973	
62.4046	113.819	51.9002	46.1336	
60.9504	113.165	52.9383	47.0562	
60.16	113.553	52.9383	47.0562	
59.2149	113.554	53.997	47.9973	
59.7409	114.557	51.9002	46.1336	
58.1978	114.043	52.9383	47.0562	
57.1639	114.217	52.9383	47.0562	
56.1548	113.65	53.997	47.9973	
56.6028	113.921	51.9002	46.1336	
54.4895	112.939	53.997	47.9973	
54.7462	114.662	51.9002	46.1336	
53.8632	114.235	51.9002	46.1336	
52.8533	113.999	51.9002	46.1336	
50.7994	113.086	53.997	47.9973	
49.8033	112.468	53.997	47.9973	
48.9844	112.366	53.997	47.9973	
48.9535	113.599	51.9002	46.1336	
46.7404	112.743	53.997	47.9973	
45.9694	112.862	53.997	47.9973	
44.7221	112.742	53.997	47.9973	
44.8413	113.368	51.9002	46.1336	
42.5861	112.433	53.997	47.9973	
41.7921	113.094	52.9383	47.0562	
40.7013	113.328	52.9383	47.0562	
39.3068	112.929	53.997	47.9973	
38.1737	112.838	53.997	47.9973	
37.1072	112.546	53.997	47.9973	
35.0012	112.398	55.077	48.9573	
34.725	113.461	53.997	47.9973	
33.7962	113.538	53.997	47.9973	
31.6989	113.03	55.077	48.9573	
31.4857	113.496	53.997	47.9973	
29.938	113.348	53.997	47.9973	
28.9095	113.067	53.997	47.9973	
27.7989	112.903	53.997	47.9973	
26.2998	112.603	53.997	47.9973	
24.1736	111.246	56.1785	49.9364	
22.6469	110.818	56.1785	49.9364	
21.6065	111.402	55.077	48.9573	
21.5802	112.576	53.997	47.9973	
20.1159	112.582	53.997	47.9973	
19.1791	112.369	53.997	47.9973	
16.5789	111.248	56.1785	49.9364	
16.0158	112.545	55.077	48.9573	
15.4646	113.58	53.997	47.9973	
13.6293	112.445	56.1785	49.9364	
